source,target,weight
45,591,0.22007539868354797
45,3039,0.21201878786087036
203,1741,0.29279863834381104
203,2749,0.2597710192203522
204,1637,0.24020536243915558
204,1902,0.23850703239440918
205,1469,0.23889362812042236
205,633,0.2345162183046341
109,2756,0.27392464876174927
109,3199,0.2703472673892975
71,1067,0.2200002521276474
71,3182,0.2139422595500946
15,943,0.20533786714076996
15,1755,0.1969553679227829
11,481,0.23845066130161285
11,2080,0.22771666944026947
23,1347,0.2382199913263321
23,3175,0.2309073656797409
290,1182,0.2385317087173462
290,1954,0.22081716358661652
291,1575,0.28234878182411194
291,3372,0.232332244515419
293,3252,0.2677552103996277
293,185,0.2517043352127075
81,2389,0.2663748264312744
81,2122,0.2485734075307846
190,1666,0.2349475473165512
190,1504,0.21026095747947693
294,2784,0.26597729325294495
294,2378,0.24034008383750916
38,2400,0.24855221807956696
38,3080,0.20959624648094177
35,1702,0.2617233097553253
35,3026,0.22148515284061432
138,2235,0.26250573992729187
138,3195,0.2388918548822403
282,1283,0.23628877103328705
282,1440,0.2253992259502411
104,1373,0.24667099118232727
104,368,0.23130157589912415
161,3244,0.24435953795909882
161,3022,0.23670139908790588
84,1653,0.2182147204875946
84,117,0.21110032498836517
296,1777,0.23747476935386658
296,251,0.225259929895401
257,1961,0.2446349561214447
257,3310,0.21755844354629517
113,2316,0.2996457815170288
113,426,0.22669100761413574
6,1757,0.32758381962776184
6,553,0.21833866834640503
76,846,0.22016541659832
76,2359,0.21524296700954437
228,2936,0.22771629691123962
228,943,0.21093624830245972
0,1129,0.25134775042533875
0,1141,0.2323891818523407
297,824,0.2828475534915924
297,2580,0.2462853640317917
36,2312,0.23277775943279266
36,1361,0.23270656168460846
164,2165,0.2533879280090332
164,856,0.25121793150901794
8,2899,0.27506572008132935
8,331,0.23214590549468994
94,1184,0.24656346440315247
94,789,0.23000654578208923
52,1896,0.23624277114868164
52,34,0.23285137116909027
140,3280,0.24518649280071259
140,586,0.22868220508098602
62,1448,0.23284325003623962
62,2220,0.22380824387073517
5,1746,0.2296781688928604
5,2306,0.22859352827072144
10,384,0.24857313930988312
10,2212,0.24437539279460907
12,16,0.25534728169441223
12,1873,0.24146011471748352
153,465,0.2615970969200134
153,1730,0.2255917191505432
298,2137,0.23539602756500244
298,3032,0.23495158553123474
60,3236,0.26284947991371155
60,41,0.2623189091682434
25,454,0.24540013074874878
25,451,0.24067381024360657
46,733,0.3021053671836853
46,79,0.25002753734588623
182,813,0.26272889971733093
182,2451,0.251710444688797
7,1350,0.23964667320251465
7,2948,0.23394159972667694
2,1028,0.22775046527385712
2,768,0.2163715809583664
1,2888,0.26232367753982544
1,3107,0.2569790482521057
87,1665,0.25062012672424316
87,2139,0.2273162305355072
116,1264,0.27918270230293274
116,2492,0.22543193399906158
334,2601,0.2460390329360962
334,2012,0.2217392772436142
335,1585,0.22628256678581238
335,1996,0.21358077228069305
336,891,0.22410915791988373
336,1991,0.20980636775493622
212,1843,0.2442607879638672
212,3129,0.2323349118232727
99,3038,0.2320251166820526
99,2448,0.22716137766838074
288,506,0.24505265057086945
288,594,0.2423262596130371
220,2428,0.24136991798877716
220,1939,0.22484880685806274
51,2769,0.2874965965747833
51,2393,0.21543952822685242
387,2430,0.23500533401966095
387,3001,0.2340349406003952
388,2998,0.24366557598114014
388,495,0.2365768849849701
399,650,0.2469412237405777
399,2111,0.23896795511245728
72,2179,0.26793748140335083
72,1810,0.22810538113117218
121,3102,0.24724602699279785
121,924,0.223383828997612
218,1694,0.2824830114841461
218,2261,0.21894218027591705
44,2722,0.2542424499988556
44,1306,0.24533423781394958
292,766,0.24256552755832672
292,967,0.2108881026506424
144,3050,0.2431798130273819
144,592,0.21788199245929718
249,1855,0.23794621229171753
249,2154,0.2229682058095932
159,2409,0.27677085995674133
159,1235,0.2374429702758789
466,863,0.23160894215106964
466,1600,0.2295384407043457
214,1833,0.24966397881507874
214,3144,0.24716870486736298
139,2560,0.2242630124092102
139,915,0.21789449453353882
57,3261,0.23944224417209625
57,3177,0.23301313817501068
63,1496,0.2342270314693451
63,305,0.22635728120803833
163,2617,0.218831405043602
163,2871,0.2175196409225464
150,2757,0.24262456595897675
150,2523,0.23478034138679504
226,646,0.26919329166412354
226,2641,0.26625582575798035
480,3167,0.25436660647392273
480,3158,0.22919848561286926
481,11,0.23845067620277405
481,958,0.2302272468805313
382,3189,0.25627297163009644
382,2578,0.24328294396400452
482,3162,0.23856593668460846
482,2759,0.22313006222248077
207,853,0.22903594374656677
207,2146,0.2145935744047165
369,1843,0.23584571480751038
369,3129,0.23545438051223755
3,467,0.2367357462644577
3,3263,0.2357168346643448
341,1000,0.2756633758544922
341,2800,0.2291603535413742
126,475,0.2925872802734375
126,2484,0.2168196588754654
61,3135,0.2286021113395691
61,770,0.22230878472328186
149,385,0.2552909851074219
149,3044,0.24759164452552795
69,1584,0.2417723685503006
69,3317,0.22010494768619537
210,2552,0.2519059479236603
210,3055,0.22522355616092682
255,850,0.23566856980323792
255,9,0.22910940647125244
195,2567,0.2493189573287964
195,1394,0.2346404790878296
208,236,0.289316326379776
208,870,0.243736132979393
406,1968,0.24238033592700958
406,1871,0.24210907518863678
499,1312,0.2937108874320984
499,3184,0.25176024436950684
397,2555,0.28085407614707947
397,1271,0.22248439490795135
14,2620,0.2116972953081131
14,2276,0.20911414921283722
500,354,0.2587248384952545
500,1312,0.21480965614318848
501,2321,0.25841444730758667
501,2523,0.2137247920036316
260,2111,0.267245888710022
260,2699,0.22986023128032684
128,2937,0.2449047863483429
128,2656,0.23123487830162048
176,1210,0.24040590226650238
176,346,0.24037295579910278
232,2559,0.2434353083372116
232,1456,0.22316378355026245
177,2973,0.24610264599323273
177,1309,0.23280930519104004
40,348,0.23171111941337585
40,2196,0.2219248265028
227,1623,0.23559588193893433
227,412,0.21936848759651184
13,2136,0.23663151264190674
13,2324,0.23167026042938232
289,2226,0.264457106590271
289,351,0.243137925863266
209,2491,0.25042295455932617
209,554,0.24130353331565857
231,2976,0.24987110495567322
231,2751,0.214346781373024
560,2379,0.23545920848846436
560,2481,0.213443323969841
100,1829,0.25544360280036926
100,2161,0.23351672291755676
134,2225,0.25210583209991455
134,2459,0.2478846311569214
561,3325,0.2729004919528961
561,3183,0.20806485414505005
438,2001,0.23222477734088898
438,448,0.2238713949918747
563,1464,0.23642592132091522
563,2748,0.23550856113433838
405,2490,0.25708794593811035
405,607,0.24486207962036133
18,131,0.2244485765695572
18,1605,0.20823140442371368
103,954,0.25476768612861633
103,1279,0.2362017035484314
236,208,0.2893162667751312
236,2150,0.25878041982650757
476,2883,0.25413018465042114
476,1532,0.2184053361415863
359,565,0.229233980178833
359,2713,0.22462718188762665
583,1244,0.28936585783958435
583,1764,0.23805809020996094
383,2877,0.2456054538488388
383,3154,0.22994713485240936
74,1993,0.2352912724018097
74,913,0.23371446132659912
223,2913,0.26676490902900696
223,1307,0.22947178781032562
593,308,0.24141864478588104
593,1566,0.23690184950828552
9,1552,0.22966697812080383
9,255,0.22910946607589722
4,492,0.24956361949443817
4,1310,0.23535582423210144
426,2432,0.23076967895030975
426,113,0.22669100761413574
20,2909,0.24529440701007843
20,1041,0.2389421910047531
565,359,0.2292340099811554
565,753,0.21866486966609955
628,3033,0.2406863123178482
628,958,0.23553691804409027
261,964,0.24066603183746338
261,2129,0.22425247728824615
434,3032,0.2221275120973587
434,3068,0.22163142263889313
21,3345,0.24587246775627136
21,973,0.22248952090740204
118,3064,0.2517586946487427
118,1840,0.24438101053237915
166,2811,0.3101871907711029
166,1253,0.2569655776023865
347,876,0.24990856647491455
347,2338,0.24034172296524048
547,2177,0.2725377678871155
547,774,0.256015807390213
206,2750,0.2365562617778778
206,1581,0.2103247493505478
16,12,0.2553473114967346
16,1485,0.24224752187728882
374,1824,0.25345322489738464
374,2428,0.24596057832241058
264,626,0.24933364987373352
264,3091,0.2306670844554901
633,205,0.23451627790927887
633,750,0.22252200543880463
412,3113,0.26093292236328125
412,3080,0.22265665233135223
571,765,0.23004312813282013
571,3019,0.2204919159412384
17,2307,0.26593711972236633
17,1699,0.23566611111164093
122,3252,0.25636133551597595
122,1437,0.24508559703826904
245,1659,0.2601241171360016
245,102,0.22546230256557465
48,1003,0.27399635314941406
48,1741,0.2472386360168457
68,1786,0.23073376715183258
68,411,0.21932867169380188
162,1363,0.22914034128189087
162,1078,0.22184111177921295
158,137,0.2780757248401642
158,3230,0.24637524783611298
603,1578,0.26334458589553833
603,322,0.2402019202709198
596,1880,0.2346964180469513
596,2825,0.22621919214725494
27,2522,0.24232278764247894
27,945,0.24157385528087616
37,370,0.22891241312026978
37,2915,0.2158520370721817
120,454,0.2349555939435959
120,1070,0.22145429253578186
430,2632,0.2938009798526764
430,1366,0.21998226642608643
29,428,0.25829342007637024
29,2433,0.23376943171024323
850,506,0.24105647206306458
850,255,0.2356685847043991
851,863,0.21929502487182617
851,1164,0.21157634258270264
852,2137,0.21796922385692596
852,2126,0.2179132103919983
920,2463,0.24977681040763855
920,1791,0.2486642748117447
365,284,0.2227679342031479
365,652,0.21009160578250885
690,848,0.2400505393743515
690,1924,0.23071403801441193
391,183,0.24699190258979797
391,1606,0.23722748458385468
33,1029,0.2338600754737854
33,25,0.2286035716533661
641,1088,0.26017117500305176
641,1449,0.23037241399288177
921,1000,0.25966519117355347
921,2178,0.23806875944137573
733,46,0.3021053671836853
733,2945,0.29307791590690613
422,2309,0.2437385767698288
422,2110,0.22383251786231995
922,2123,0.21928489208221436
922,2976,0.20329813659191132
824,297,0.2828475534915924
824,2586,0.26632386445999146
143,677,0.24157990515232086
143,3288,0.23820701241493225
171,3025,0.2406846135854721
171,1843,0.21882674098014832
516,3253,0.2808975577354431
516,1911,0.2555285692214966
1067,1475,0.2841688096523285
1067,3355,0.2364410161972046
75,3365,0.2477499544620514
75,186,0.22462588548660278
64,1307,0.23070649802684784
64,1002,0.23007601499557495
424,2628,0.22898122668266296
424,1401,0.22309184074401855
133,3339,0.262448251247406
133,1603,0.25414958596229553
114,2611,0.2649468779563904
114,1618,0.2548742890357971
115,3126,0.21825842559337616
115,189,0.2152036428451538
73,3378,0.26460883021354675
73,1555,0.25394895672798157
246,2990,0.21857573091983795
246,3064,0.21773000061511993
295,1778,0.22091525793075562
295,1242,0.21609172224998474
70,3151,0.28316396474838257
70,831,0.2599528431892395
278,2738,0.26125407218933105
278,1064,0.2215457409620285
726,2591,0.2403472363948822
726,272,0.2377167046070099
154,172,0.2470976561307907
154,3086,0.23374079167842865
969,1378,0.2277577668428421
969,2765,0.2195495218038559
989,1820,0.2416599839925766
989,1675,0.2401575893163681
1068,793,0.22859565913677216
1068,2460,0.20792189240455627
624,2737,0.28367412090301514
624,2577,0.27368855476379395
59,2480,0.2416674941778183
59,1563,0.22924920916557312
160,1719,0.24340161681175232
160,2106,0.24004723131656647
50,1408,0.29721948504447937
50,1204,0.27615422010421753
136,979,0.23496262729167938
136,714,0.2331095039844513
286,1684,0.2631808817386627
286,2654,0.25326773524284363
146,517,0.2463180124759674
146,325,0.23189203441143036
421,2862,0.23076513409614563
421,2719,0.2266910970211029
413,1200,0.2830626666545868
413,3014,0.231740340590477
632,1311,0.25880154967308044
632,2843,0.2505163252353668
270,1035,0.22109998762607574
270,3061,0.21997320652008057
695,2536,0.24280092120170593
695,1946,0.21506860852241516
251,1253,0.2499900758266449
251,455,0.2352604866027832
271,1824,0.2472297102212906
271,2708,0.23841217160224915
1003,48,0.27399641275405884
1003,1480,0.24540668725967407
233,55,0.2415446788072586
233,417,0.21377959847450256
107,780,0.2778325080871582
107,880,0.24567675590515137
28,586,0.26957082748413086
28,553,0.25002026557922363
1076,1711,0.2531871795654297
1076,2962,0.24079746007919312
1077,27,0.20691485702991486
1077,1044,0.19196461141109467
39,1619,0.24934999644756317
39,1344,0.2185574620962143
1078,1442,0.3005138337612152
1078,1364,0.24426259100437164
358,141,0.23323185741901398
358,1419,0.22004297375679016
645,3297,0.23243197798728943
645,1231,0.22712360322475433
90,2040,0.23914924263954163
90,1540,0.23022960126399994
315,982,0.27507656812667847
315,812,0.2523607015609741
165,1631,0.2716120779514313
165,1168,0.24417369067668915
1079,2700,0.2453322410583496
1079,485,0.2351546436548233
108,2079,0.22378721833229065
108,389,0.2206452637910843
317,907,0.2613564729690552
317,2841,0.251646488904953
112,2238,0.2573201656341553
112,226,0.23031648993492126
638,1771,0.23682403564453125
638,2950,0.23391474783420563
199,3294,0.23227040469646454
199,11,0.2218887358903885
550,2060,0.24980151653289795
550,3016,0.24080757796764374
540,2434,0.22306084632873535
540,1440,0.22177322208881378
595,3227,0.22694581747055054
595,2755,0.2192917913198471
559,2200,0.22032226622104645
559,740,0.21864382922649384
698,3273,0.2843284606933594
698,2887,0.23086851835250854
86,665,0.23438873887062073
86,1486,0.23205842077732086
578,3274,0.2292480319738388
578,1788,0.22582249343395233
1080,996,0.249517560005188
1080,3088,0.2138383686542511
97,300,0.2705094516277313
97,2742,0.25033825635910034
91,995,0.2887839674949646
91,1193,0.22828549146652222
170,2641,0.27050092816352844
170,848,0.22135406732559204
801,1682,0.27138659358024597
801,738,0.24286122620105743
1065,1223,0.23016661405563354
1065,2909,0.2296057641506195
691,2932,0.2316543459892273
691,1641,0.2248302400112152
924,291,0.22828035056591034
924,1651,0.22521354258060455
354,1754,0.27276793122291565
354,1563,0.25876742601394653
827,1178,0.2727885842323303
827,1345,0.2565504014492035
598,2398,0.23339620232582092
598,3107,0.23334413766860962
307,2210,0.2565416395664215
307,1301,0.2550462782382965
1081,30,0.24433399736881256
1081,3379,0.23851995170116425
833,3353,0.26777350902557373
833,2095,0.22532804310321808
1082,3159,0.22283142805099487
1082,1903,0.22224581241607666
267,2489,0.2607673704624176
267,1486,0.21542932093143463
111,3070,0.2425146847963333
111,1444,0.21733346581459045
812,315,0.25236064195632935
812,2954,0.22044380009174347
259,2797,0.28512436151504517
259,2258,0.23865972459316254
119,2317,0.2313787341117859
119,1292,0.22376185655593872
1083,2995,0.23901106417179108
1083,3068,0.22751149535179138
859,178,0.26408904790878296
859,3126,0.26395943760871887
188,259,0.2310079038143158
188,1920,0.22834338247776031
618,3236,0.23646993935108185
618,1548,0.2328263819217682
186,1689,0.2753508985042572
186,419,0.2302568405866623
82,3092,0.23388344049453735
82,1524,0.22192487120628357
279,1979,0.24344205856323242
279,1442,0.22118854522705078
169,3120,0.22285552322864532
169,698,0.21443167328834534
1084,2792,0.2764495611190796
1084,676,0.2573378384113312
174,567,0.2515697181224823
174,3304,0.24368824064731598
686,1111,0.23505465686321259
686,1746,0.22304901480674744
753,1702,0.22446629405021667
753,565,0.21866483986377716
416,3209,0.3402863144874573
416,75,0.22178007662296295
513,1024,0.2365017682313919
513,1677,0.20956093072891235
566,2463,0.26846009492874146
566,847,0.24313196539878845
219,441,0.2533119022846222
219,620,0.25146347284317017
470,1506,0.23886054754257202
470,2690,0.2278418242931366
635,1993,0.22587183117866516
635,907,0.22239483892917633
831,70,0.2599528133869171
831,2497,0.2529025673866272
681,2205,0.2669163942337036
681,1280,0.24369412660598755
759,2147,0.274859219789505
759,156,0.21731656789779663
1085,1552,0.2690747380256653
1085,1499,0.24586637318134308
1086,243,0.22206048667430878
1086,814,0.21941065788269043
933,724,0.25199538469314575
933,81,0.24501287937164307
55,213,0.2641342580318451
55,233,0.2415446937084198
504,3156,0.24462561309337616
504,2480,0.23652371764183044
183,1064,0.2684412896633148
183,391,0.24699194729328156
248,943,0.2730230689048767
248,2997,0.25200244784355164
316,1163,0.2546560764312744
316,418,0.24609754979610443
135,3005,0.23150518536567688
135,517,0.217547208070755
189,1782,0.2842442989349365
189,1891,0.251090943813324
350,2043,0.2349480241537094
350,2255,0.21917177736759186
1087,528,0.23698799312114716
1087,3214,0.22560220956802368
1088,2688,0.2639923691749573
1088,641,0.26017117500305176
1089,2857,0.22141052782535553
1089,682,0.21795958280563354
225,3147,0.2331153303384781
225,530,0.2158459573984146
1090,2825,0.24739308655261993
1090,1280,0.24147264659404755
485,1079,0.2351546585559845
485,2083,0.2026960849761963
47,1888,0.22896336019039154
47,3075,0.22701427340507507
1091,3005,0.2336892932653427
1091,1414,0.22738558053970337
34,3379,0.24954447150230408
34,213,0.2350645810365677
253,2804,0.26959121227264404
253,1375,0.23541602492332458
942,1421,0.3475169241428375
942,442,0.2638905346393585
564,2526,0.2350572943687439
564,3193,0.2269653081893921
319,2395,0.2536014914512634
319,2994,0.23309877514839172
807,3112,0.3095204532146454
807,1735,0.2508111298084259
89,1189,0.2910425364971161
89,2143,0.24245204031467438
338,1901,0.24827741086483002
338,137,0.24824252724647522
95,694,0.2808292508125305
95,321,0.25911274552345276
746,2890,0.2267756313085556
746,1222,0.22516146302223206
130,1244,0.32583680748939514
130,2981,0.2543700933456421
392,1473,0.25627654790878296
392,2369,0.22956880927085876
1048,3275,0.26893195509910583
1048,2888,0.2568460702896118
303,1487,0.26303544640541077
303,2352,0.24798136949539185
127,990,0.23291094601154327
127,161,0.23259130120277405
1092,1773,0.24373950064182281
1092,166,0.227920264005661
363,2127,0.2508451044559479
363,867,0.24519921839237213
178,3072,0.2748968005180359
178,975,0.2668902277946472
179,2159,0.2254686951637268
179,2155,0.21998794376850128
502,2830,0.24008162319660187
502,2959,0.2376907765865326
221,1125,0.31887951493263245
221,2404,0.26372283697128296
1093,849,0.26738470792770386
1093,2865,0.2543543875217438
318,2696,0.27151602506637573
318,691,0.2154795229434967
196,1878,0.2339174747467041
196,3258,0.20471975207328796
323,1661,0.2694304883480072
323,3101,0.2504453957080841
1094,1146,0.2260880023241043
1094,1699,0.21570992469787598
320,1387,0.24318750202655792
320,526,0.22541044652462006
1095,1336,0.25175467133522034
1095,936,0.23573052883148193
129,2873,0.25071993470191956
129,2667,0.21730557084083557
838,771,0.25874063372612
838,1264,0.22494979202747345
305,63,0.22635722160339355
305,658,0.21804089844226837
43,3065,0.227443665266037
43,2033,0.22675582766532898
1096,351,0.2658175826072693
1096,1025,0.211710587143898
302,1044,0.24532470107078552
302,1546,0.23802201449871063
1097,89,0.22968533635139465
1097,1647,0.2128627747297287
1098,1853,0.2961657643318176
1098,932,0.2619822025299072
411,2535,0.2565070688724518
411,2472,0.2323036640882492
1099,2060,0.2703356146812439
1099,2841,0.261338472366333
155,1615,0.3096523582935333
155,1872,0.25260475277900696
306,2017,0.2840275168418884
306,984,0.2524782121181488
181,3386,0.26161572337150574
181,1151,0.2436434030532837
555,22,0.2660923898220062
555,3378,0.2331245243549347
1100,2179,0.2959336042404175
1100,1125,0.28576987981796265
1101,699,0.27508801221847534
1101,1238,0.2539488971233368
269,2769,0.23775462806224823
269,510,0.23263239860534668
518,2948,0.23600536584854126
518,193,0.2276330441236496
222,3220,0.225073903799057
222,880,0.21738232672214508
238,1278,0.23645909130573273
238,552,0.23200379312038422
451,25,0.24067379534244537
451,2502,0.23905448615550995
56,1024,0.2663789987564087
56,1391,0.23962576687335968
574,372,0.24381494522094727
574,1076,0.24014346301555634
689,2351,0.23968151211738586
689,2613,0.23143884539604187
849,1093,0.26738470792770386
849,680,0.2469935268163681
167,1103,0.26746854186058044
167,829,0.261505663394928
1055,2101,0.24805381894111633
1055,1461,0.234618678689003
535,1951,0.25009652972221375
535,1173,0.2348642200231552
330,2098,0.2713139057159424
330,2228,0.23992981016635895
301,2342,0.23255003988742828
301,1129,0.23138117790222168
351,1096,0.26581764221191406
351,1650,0.25220417976379395
275,531,0.28103718161582947
275,719,0.22935232520103455
339,1117,0.2501465082168579
339,2721,0.24887019395828247
353,2432,0.2564884424209595
353,608,0.23867616057395935
352,2038,0.22676612436771393
352,2912,0.2184026539325714
88,3374,0.3045034110546112
88,3028,0.23813948035240173
1102,2566,0.22435392439365387
1102,2281,0.21806074678897858
1103,167,0.26746854186058044
1103,55,0.2368306964635849
1104,771,0.22068741917610168
1104,1683,0.21696344017982483
995,91,0.2887839674949646
995,1680,0.26331478357315063
456,1230,0.24437420070171356
456,304,0.21507498621940613
757,3100,0.2328552007675171
757,1697,0.22996178269386292
587,1021,0.22660550475120544
587,3087,0.21262745559215546
685,915,0.2089792937040329
685,59,0.20629695057868958
552,1573,0.24580292403697968
552,511,0.24222514033317566
398,743,0.237081840634346
398,2544,0.23272502422332764
1105,715,0.2246292233467102
1105,2437,0.21563267707824707
1106,779,0.2539939284324646
1106,3185,0.23402325809001923
709,1618,0.26142242550849915
709,3052,0.2389635443687439
445,1219,0.2272055596113205
445,214,0.2154785841703415
329,2351,0.2765708267688751
329,345,0.24270851910114288
375,1677,0.22715161740779877
375,1549,0.21010828018188477
1107,742,0.26508909463882446
1107,1921,0.2577890157699585
85,226,0.24272583425045013
85,2016,0.2242620438337326
67,797,0.2412337064743042
67,830,0.23281732201576233
1108,1580,0.2301027625799179
1108,2505,0.2220732867717743
1054,2072,0.24534264206886292
1054,985,0.22848820686340332
483,995,0.2600744962692261
483,855,0.24888060986995697
265,2345,0.2808057963848114
265,750,0.2258920520544052
349,2326,0.2333131730556488
349,2749,0.2048577070236206
902,1385,0.26052263379096985
902,3016,0.24853982031345367
1109,1146,0.25651007890701294
1109,567,0.24707487225532532
429,3223,0.2721271216869354
429,3381,0.23303717374801636
30,2056,0.25246238708496094
30,1081,0.24433399736881256
512,830,0.2511630356311798
512,2118,0.23196958005428314
1110,1141,0.22459043562412262
1110,1533,0.2227744311094284
477,1416,0.22543536126613617
477,2090,0.21769562363624573
747,446,0.23089390993118286
747,789,0.2218630015850067
239,2603,0.2398565411567688
239,1205,0.22560255229473114
312,885,0.22082144021987915
312,3098,0.21552284061908722
1032,994,0.23064076900482178
1032,1493,0.22023321688175201
431,605,0.2754623293876648
431,1452,0.2638707756996155
1111,2969,0.2563003897666931
1111,686,0.235054612159729
1112,3282,0.27548930048942566
1112,1883,0.2702760696411133
947,2059,0.3030010163784027
947,2308,0.23354047536849976
1113,768,0.23129217326641083
1113,1801,0.2237003743648529
674,1769,0.28529420495033264
674,3356,0.2764963209629059
886,216,0.26356208324432373
886,1634,0.2590603530406952
887,2698,0.24047443270683289
887,2215,0.2175050973892212
627,1430,0.25378766655921936
627,1024,0.2532018721103668
105,1124,0.24261687695980072
105,1017,0.2320196032524109
102,1466,0.2718629539012909
102,1142,0.23932455480098724
832,1128,0.28492918610572815
832,3281,0.26059868931770325
977,1824,0.2380048781633377
977,1300,0.21932023763656616
145,417,0.2678220868110657
145,1515,0.21242375671863556
125,1193,0.2639269530773163
125,682,0.22808653116226196
328,1820,0.22391481697559357
328,580,0.22100982069969177
542,465,0.24907445907592773
542,138,0.23126015067100525
761,1508,0.305512934923172
761,2302,0.253917932510376
782,1151,0.26241353154182434
782,118,0.2311629354953766
771,2877,0.26064589619636536
771,838,0.2587406039237976
898,2791,0.21741490066051483
898,534,0.2136230170726776
394,2918,0.2487485110759735
394,3137,0.22561149299144745
1114,1990,0.2681034505367279
1114,1899,0.25260087847709656
558,3204,0.26087337732315063
558,1579,0.25521209836006165
252,497,0.2413579523563385
252,505,0.2234494686126709
1013,1936,0.22709281742572784
1013,3081,0.21883639693260193
274,2522,0.25616443157196045
274,1140,0.23137736320495605
1115,1556,0.24469828605651855
1115,2078,0.2399115413427353
980,870,0.2828098237514496
980,24,0.247299924492836
1116,814,0.22564682364463806
1116,2052,0.22100205719470978
65,737,0.25356215238571167
65,73,0.24540430307388306
1117,2203,0.271043062210083
1117,339,0.25014644861221313
1118,641,0.23014962673187256
1118,3200,0.21999169886112213
442,942,0.2638905346393585
442,2428,0.2211536467075348
1119,773,0.2955668270587921
1119,815,0.26226529479026794
1120,1014,0.2648865580558777
1120,2655,0.24100808799266815
1121,2311,0.25201648473739624
1121,1169,0.2451586127281189
1069,1537,0.22732996940612793
1069,797,0.22638854384422302
527,1885,0.2568710744380951
527,1267,0.2514466643333435
484,1874,0.2265002429485321
484,176,0.21362252533435822
360,1522,0.21898683905601501
360,1813,0.21742397546768188
712,3232,0.24235063791275024
712,1878,0.2349821925163269
1122,463,0.22418008744716644
1122,2031,0.21978668868541718
1123,2314,0.25278738141059875
1123,1566,0.22263406217098236
1124,105,0.24261687695980072
1124,3087,0.2375885248184204
235,1835,0.3109434247016907
235,706,0.25084030628204346
66,2862,0.2832871377468109
66,1418,0.24649697542190552
148,744,0.23143063485622406
148,2976,0.22273094952106476
1125,221,0.31887948513031006
1125,1100,0.28576985001564026
250,3343,0.2359994798898697
250,2824,0.23018677532672882
157,1714,0.2776851952075958
157,2142,0.24210992455482483
311,1665,0.21224182844161987
311,2054,0.20702224969863892
1126,2190,0.27763471007347107
1126,3049,0.2481347620487213
263,1567,0.2544081509113312
263,1827,0.21193161606788635
340,1967,0.2626291513442993
340,1764,0.2268718183040619
403,1969,0.24052847921848297
403,1871,0.2281244695186615
1127,1269,0.23522862792015076
1127,487,0.22261257469654083
576,1286,0.26520222425460815
576,122,0.23645663261413574
1128,1554,0.2907063961029053
1128,832,0.2849291265010834
54,1690,0.23798783123493195
54,1767,0.2335958629846573
756,3138,0.2521670460700989
756,1534,0.2239062786102295
371,2016,0.24879442155361176
371,3350,0.24029512703418732
93,1239,0.25401121377944946
93,2320,0.20956206321716309
185,1544,0.3055843710899353
185,2187,0.25661924481391907
1040,2426,0.24153552949428558
1040,2241,0.19848085939884186
1129,0,0.25134769082069397
1129,1247,0.23472289741039276
750,3153,0.28930458426475525
750,1222,0.2390594333410263
1130,3334,0.2439299076795578
1130,2674,0.2435676008462906
684,2766,0.21611803770065308
684,877,0.21507146954536438
1131,3375,0.2724989652633667
1131,516,0.2480476051568985
694,95,0.2808292508125305
694,2650,0.2741054892539978
1132,492,0.2482733428478241
1132,3386,0.2205430120229721
325,2134,0.2443016618490219
325,146,0.23189197480678558
123,2953,0.30670198798179626
123,551,0.2584537863731384
1133,968,0.2958519458770752
1133,567,0.2732962965965271
949,2922,0.23592521250247955
949,2827,0.21586279571056366
1134,3022,0.2454911321401596
1134,2255,0.24130788445472717
337,1851,0.2234218716621399
337,1555,0.22253023087978363
443,3042,0.25344574451446533
443,602,0.22530511021614075
342,976,0.22640827298164368
342,405,0.22522328794002533
1135,1184,0.2423200160264969
1135,106,0.24132446944713593
98,716,0.2267640084028244
98,2181,0.20634803175926208
1136,1373,0.22632652521133423
1136,3372,0.22587649524211884
1137,2867,0.24908119440078735
1137,745,0.21786968410015106
1138,3233,0.2791038751602173
1138,2289,0.2486717849969864
704,2246,0.23592308163642883
704,2011,0.22692134976387024
1139,2372,0.24176070094108582
1139,1066,0.24038493633270264
1140,274,0.23137734830379486
1140,2841,0.22117801010608673
952,2337,0.2325180619955063
952,332,0.22696064412593842
1049,1690,0.24519245326519012
1049,2835,0.2145596146583557
172,2837,0.2803109586238861
172,154,0.2470976859331131
266,3300,0.23533131182193756
266,303,0.21731968224048615
1141,1144,0.24360236525535583
1141,2502,0.23430302739143372
348,1178,0.23829267919063568
348,40,0.23171113431453705
590,3066,0.27165332436561584
590,2853,0.21760782599449158
1142,102,0.23932452499866486
1142,3096,0.23278672993183136
362,1233,0.27807873487472534
362,259,0.2278316766023636
1143,2519,0.21853387355804443
1143,609,0.2141331136226654
611,1799,0.23111623525619507
611,1864,0.22623948752880096
459,1322,0.23099000751972198
459,1660,0.221486434340477
1017,1615,0.24073129892349243
1017,105,0.2320196032524109
631,1165,0.27129143476486206
631,3011,0.2389180213212967
425,368,0.2514485716819763
425,756,0.21881693601608276
1144,2988,0.24909880757331848
1144,1141,0.24360238015651703
151,2126,0.23018616437911987
151,2755,0.2282557636499405
657,579,0.29213833808898926
657,1715,0.23131652176380157
786,2898,0.25174590945243835
786,3126,0.23068414628505707
1145,2871,0.24173618853092194
1145,849,0.2381686568260193
774,547,0.2560158371925354
774,369,0.23523597419261932
600,2917,0.25495439767837524
600,1390,0.24047692120075226
281,2403,0.2564363479614258
281,1375,0.2436400204896927
1146,3386,0.28518161177635193
1146,1360,0.2722776234149933
1147,2209,0.2507140338420868
1147,2368,0.2149035483598709
948,2041,0.2356451153755188
948,2121,0.2335728406906128
787,3151,0.23080821335315704
787,2924,0.22750017046928406
521,439,0.2505148649215698
521,2551,0.23720988631248474
234,1,0.22067338228225708
234,1950,0.21173357963562012
273,2196,0.24247385561466217
273,2643,0.22749902307987213
607,2773,0.26433229446411133
607,405,0.2448621243238449
1148,1293,0.24954654276371002
1148,2240,0.23492403328418732
322,3200,0.26317232847213745
322,603,0.24020196497440338
407,2256,0.2719177305698395
407,179,0.21965815126895905
453,1722,0.23411022126674652
453,2294,0.22368846833705902
1149,1916,0.21713903546333313
1149,2563,0.2162778526544571
1150,1129,0.21524636447429657
1150,2978,0.21193112432956696
1151,782,0.26241350173950195
1151,181,0.24364343285560608
802,490,0.2559516727924347
802,2638,0.2291473150253296
147,777,0.2238370180130005
147,452,0.21949882805347443
1152,2909,0.26033082604408264
1152,2673,0.23468047380447388
444,585,0.23456376791000366
444,606,0.222665935754776
1153,3119,0.25253844261169434
1153,41,0.21933455765247345
243,911,0.2383953481912613
243,1086,0.22206051647663116
469,1443,0.232805535197258
469,2526,0.21032288670539856
648,2278,0.3423018455505371
648,1000,0.24360519647598267
1154,1628,0.22389279305934906
1154,281,0.20310473442077637
377,2258,0.2666618824005127
377,1555,0.25857415795326233
224,1720,0.26477035880088806
224,1052,0.24939413368701935
1155,1600,0.242596834897995
1155,891,0.23482201993465424
463,2455,0.2595363259315491
463,2141,0.23862053453922272
532,3213,0.26296648383140564
532,2400,0.234463632106781
601,244,0.22877353429794312
601,1445,0.21554937958717346
447,1031,0.2713317573070526
447,2689,0.24051877856254578
1156,1729,0.23742423951625824
1156,3132,0.22211997210979462
417,145,0.2678220868110657
417,2906,0.25034788250923157
1157,32,0.20761623978614807
1157,1844,0.20754122734069824
324,2858,0.24976977705955505
324,875,0.2364373505115509
1158,3132,0.2744702398777008
1158,716,0.2219824194908142
418,316,0.2460976094007492
418,412,0.21909256279468536
551,2823,0.2603732943534851
551,123,0.25845375657081604
974,1601,0.27412691712379456
974,2174,0.22560784220695496
602,1256,0.2570081353187561
602,1665,0.24952669441699982
1159,184,0.23485122621059418
1159,369,0.22981828451156616
197,1866,0.23768669366836548
197,3391,0.23240315914154053
132,3404,0.24823151528835297
132,522,0.24307000637054443
711,3043,0.24974215030670166
711,979,0.24725234508514404
1160,187,0.24156342446804047
1160,1542,0.23234829306602478
517,146,0.2463179975748062
517,3376,0.22021238505840302
570,721,0.28122493624687195
570,2425,0.2617536187171936
1161,1964,0.2835673689842224
1161,820,0.25314897298812866
963,1567,0.2333386391401291
963,1883,0.2203991562128067
1162,262,0.23913636803627014
1162,3312,0.2318880558013916
31,2506,0.21745562553405762
31,27,0.21302126348018646
797,67,0.2412337362766266
797,2812,0.22854410111904144
1163,316,0.254656046628952
1163,2637,0.22855830192565918
379,479,0.22863195836544037
379,1646,0.22581855952739716
866,3083,0.2358485758304596
866,359,0.22071532905101776
654,2992,0.2735699713230133
654,1985,0.26570093631744385
42,2257,0.22141166031360626
42,3294,0.21534697711467743
525,1973,0.28136688470840454
525,2166,0.23924624919891357
1164,1677,0.22514782845973969
1164,851,0.21157634258270264
313,831,0.2223290652036667
313,3142,0.21776527166366577
368,425,0.2514485716819763
368,2608,0.24535809457302094
1165,631,0.27129146456718445
1165,3139,0.24591945111751556
460,758,0.26582154631614685
460,2814,0.2278515249490738
1166,3300,0.2218175083398819
1166,1666,0.21445323526859283
230,529,0.2517983317375183
230,800,0.251617968082428
1167,1766,0.22920551896095276
1167,611,0.20456190407276154
741,2911,0.31220534443855286
741,192,0.24102962017059326
1168,1532,0.29948657751083374
1168,2302,0.25001204013824463
1169,1121,0.2451585978269577
1169,3227,0.23947930335998535
619,3191,0.26090022921562195
619,2971,0.251730740070343
904,934,0.2178557962179184
904,1909,0.20543374121189117
707,2996,0.30593621730804443
707,1818,0.2144503891468048
1170,1215,0.26198187470436096
1170,3220,0.24465113878250122
1171,2198,0.2540130317211151
1171,2459,0.24319718778133392
1172,3408,0.23013141751289368
1172,3404,0.2245514690876007
24,980,0.247299924492836
24,2621,0.2170364409685135
355,2458,0.2422611117362976
355,1846,0.2365817427635193
193,1900,0.2429371178150177
193,1502,0.22847631573677063
692,3238,0.24450795352458954
692,28,0.23735357820987701
1173,2976,0.23632724583148956
1173,535,0.2348642349243164
1002,625,0.27470242977142334
1002,64,0.23007601499557495
625,1002,0.27470242977142334
625,2483,0.23028559982776642
751,404,0.26002785563468933
751,668,0.23462992906570435
452,2914,0.2966077923774719
452,2856,0.24139414727687836
41,2300,0.2648754119873047
41,60,0.2623189389705658
1174,2144,0.22457413375377655
1174,2382,0.22345392405986786
1175,1553,0.25020480155944824
1175,1427,0.24343936145305634
594,288,0.2423262894153595
594,1878,0.24157007038593292
1176,2679,0.24039076268672943
1176,2918,0.23508252203464508
873,1081,0.23067018389701843
873,2896,0.22181400656700134
385,149,0.25529101490974426
385,1771,0.2227131724357605
541,1497,0.23363158106803894
541,1305,0.2288672924041748
1177,3195,0.27286913990974426
1177,2594,0.2463141530752182
1178,827,0.2727885842323303
1178,1690,0.24772250652313232
708,408,0.25543659925460815
708,1191,0.25034573674201965
191,1612,0.23612768948078156
191,2142,0.2216012328863144
847,710,0.31141769886016846
847,566,0.24313192069530487
401,1594,0.2500236928462982
401,1355,0.24900762736797333
508,828,0.2372758388519287
508,3240,0.22158367931842804
83,2758,0.26676392555236816
83,2053,0.2314542979001999
688,1518,0.28136011958122253
688,1393,0.2791135013103485
1179,3341,0.23300324380397797
1179,1914,0.21878869831562042
1180,1218,0.25933656096458435
1180,2134,0.22429387271404266
211,2967,0.33078280091285706
211,735,0.2524987459182739
806,2271,0.22144438326358795
806,397,0.22002609074115753
954,103,0.25476768612861633
954,3092,0.22565492987632751
953,1889,0.27792006731033325
953,737,0.26531270146369934
676,814,0.3066660463809967
676,1084,0.25733789801597595
1181,3265,0.2483665496110916
1181,745,0.24148276448249817
1182,2107,0.2513779103755951
1182,290,0.2385316640138626
1183,2522,0.23054595291614532
1183,1225,0.22814908623695374
585,3202,0.242137148976326
585,444,0.23456378281116486
357,1718,0.24409902095794678
357,2237,0.22691099345684052
770,3209,0.2523128092288971
770,1496,0.22926945984363556
395,862,0.230941504240036
395,441,0.22418972849845886
364,783,0.2770974040031433
364,727,0.22977407276630402
467,874,0.2516724765300751
467,3,0.2367357462644577
599,1197,0.31308963894844055
599,1413,0.26151102781295776
308,2189,0.2671796977519989
308,1301,0.25068458914756775
106,1135,0.24132445454597473
106,1222,0.2215755581855774
1184,3269,0.2650097906589508
1184,94,0.24656346440315247
345,329,0.2427084594964981
345,2228,0.2308233082294464
1185,1594,0.29598554968833923
1185,2224,0.23688459396362305
96,780,0.23506660759449005
96,2792,0.22196201980113983
215,2434,0.2733164429664612
215,1693,0.2729121148586273
1186,1525,0.2665598690509796
1186,1864,0.2651180326938629
276,766,0.2233959138393402
276,3268,0.21591717004776
815,1119,0.26226526498794556
815,2809,0.24845066666603088
1187,1959,0.24652443826198578
1187,1884,0.22000835835933685
881,2566,0.22789925336837769
881,3288,0.22142070531845093
1188,1395,0.23980329930782318
1188,1317,0.2324633002281189
1056,2000,0.2033417671918869
1056,1469,0.1877603530883789
1189,89,0.2910425066947937
1189,3093,0.23841449618339539
1190,277,0.2807478904724121
1190,3231,0.22756829857826233
1029,1956,0.2733014225959778
1029,1638,0.27271896600723267
718,3198,0.2622494697570801
718,2249,0.21777363121509552
448,3044,0.2546048164367676
448,438,0.2238713800907135
710,847,0.31141769886016846
710,1946,0.23618634045124054
511,862,0.27483057975769043
511,552,0.24222517013549805
1191,708,0.25034573674201965
1191,971,0.24101991951465607
736,2153,0.25659671425819397
736,2291,0.25162410736083984
780,107,0.2778324782848358
780,2985,0.263593852519989
515,3273,0.24006518721580505
515,1751,0.23235121369361877
868,415,0.24074609577655792
868,1549,0.2252754420042038
539,2701,0.3072110414505005
539,1315,0.23300780355930328
433,1808,0.23356907069683075
433,294,0.2271958738565445
420,1024,0.24456167221069336
420,402,0.23146678507328033
1192,1532,0.23343387246131897
1192,3335,0.22818751633167267
671,2801,0.2552800178527832
671,2151,0.25145289301872253
1193,125,0.26392698287963867
1193,1800,0.24951577186584473
1194,2149,0.21383973956108093
1194,871,0.2084280252456665
1195,1748,0.2884814441204071
1195,2553,0.20782823860645294
531,275,0.28103718161582947
531,2939,0.21570691466331482
808,2394,0.25285419821739197
808,1256,0.22786124050617218
760,1250,0.25255337357521057
760,1370,0.24332042038440704
1719,256,0.24855060875415802
1719,1632,0.24676230549812317
822,1432,0.22744613885879517
822,37,0.2106633335351944
1720,874,0.28304392099380493
1720,1822,0.274846613407135
1370,760,0.24332046508789062
1370,1646,0.21833579242229462
495,2836,0.25605836510658264
495,2872,0.23771975934505463
526,320,0.22541052103042603
526,87,0.2155981808900833
1585,195,0.22743521630764008
1585,335,0.22628261148929596
1022,2757,0.23912405967712402
1022,2291,0.2209472358226776
734,2990,0.2153257429599762
734,2869,0.21440523862838745
614,2123,0.2480688989162445
614,1347,0.23324650526046753
1721,1864,0.26222553849220276
1721,1857,0.24040725827217102
556,994,0.23376959562301636
556,3134,0.23007327318191528
520,2143,0.2315414994955063
520,77,0.2262243628501892
1722,453,0.23411019146442413
1722,2002,0.22670890390872955
845,1688,0.23894675076007843
845,2125,0.22517605125904083
982,3040,0.2975331246852875
982,315,0.27507659792900085
703,2679,0.21973730623722076
703,549,0.20457519590854645
1035,270,0.22109998762607574
1035,2019,0.21934154629707336
573,1828,0.23201803863048553
573,2272,0.22177764773368835
1723,1687,0.25706297159194946
1723,2335,0.2267737239599228
1724,245,0.22059622406959534
1724,2200,0.2196080982685089
1652,1759,0.2331026792526245
1652,444,0.20275767147541046
649,773,0.2660234868526459
649,2693,0.23242780566215515
907,1701,0.26579561829566956
907,317,0.2613564729690552
1331,2914,0.262806236743927
1331,516,0.23614084720611572
958,2952,0.3004331886768341
958,2914,0.28138598799705505
187,1160,0.2415633648633957
187,3122,0.2378688007593155
1289,2325,0.2861602306365967
1289,1776,0.24067422747612
439,3139,0.2818089723587036
439,1553,0.27391886711120605
764,1317,0.25335896015167236
764,1406,0.2529648244380951
1702,35,0.2617233097553253
1702,1413,0.24838881194591522
1631,165,0.2716120481491089
1631,3295,0.2301872819662094
925,2341,0.24774576723575592
925,741,0.2206493467092514
455,669,0.2860592007637024
455,3396,0.2430579513311386
1360,1146,0.2722776532173157
1360,2500,0.2556232213973999
1520,1457,0.2578831613063812
1520,2418,0.2490619271993637
769,89,0.23364561796188354
769,3121,0.2227012664079666
1725,2110,0.22007109224796295
1725,3329,0.21619834005832672
1057,475,0.25032132863998413
1057,1805,0.22387832403182983
152,9,0.22162982821464539
152,202,0.2149367779493332
629,606,0.22375082969665527
629,2427,0.21479034423828125
1617,1882,0.3009694218635559
1617,1490,0.22985468804836273
715,2008,0.24828875064849854
715,1524,0.24505293369293213
1726,2359,0.2636108100414276
1726,1717,0.2377782016992569
1380,2348,0.30522438883781433
1380,2264,0.2245582789182663
916,3326,0.23279951512813568
916,1862,0.22602753341197968
1243,2227,0.23669874668121338
1243,1184,0.2239711880683899
496,299,0.2579489052295685
496,610,0.24204066395759583
92,743,0.2596816420555115
92,2106,0.2355777770280838
548,1906,0.2653808891773224
548,1664,0.2355525642633438
366,2794,0.2264731526374817
366,1721,0.22603194415569305
1727,2369,0.237693190574646
1727,1426,0.22346583008766174
606,1327,0.22910438477993011
606,629,0.22375081479549408
534,1625,0.24063988029956818
534,2151,0.23510593175888062
622,1711,0.23776377737522125
622,3000,0.23694191873073578
1350,1306,0.24323485791683197
1350,7,0.23964671790599823
478,958,0.24994467198848724
478,3379,0.24426022171974182
646,226,0.26919326186180115
646,381,0.2590941786766052
1409,1202,0.2698521018028259
1409,2121,0.2447633594274521
200,308,0.21728165447711945
200,250,0.19777442514896393
1728,3272,0.2966482639312744
1728,437,0.24073147773742676
1729,505,0.3119288682937622
1729,2017,0.23950642347335815
192,741,0.24102959036827087
192,1018,0.20306792855262756
793,175,0.2576233744621277
793,2484,0.24288387596607208
1730,17,0.2280333787202835
1730,153,0.2255917340517044
1731,1513,0.24762120842933655
1731,3167,0.24718430638313293
1326,3240,0.2473250925540924
1326,1459,0.23472069203853607
474,1378,0.21952401101589203
474,661,0.21297861635684967
714,2830,0.24556972086429596
714,2425,0.23459677398204803
1732,788,0.2559036910533905
1732,1376,0.2501987814903259
117,1618,0.25881052017211914
117,84,0.21110035479068756
610,3161,0.2558650076389313
610,496,0.2420407086610794
1397,931,0.24117444455623627
1397,401,0.2320351004600525
1733,2475,0.24129219353199005
1733,3188,0.23648317158222198
930,2238,0.22526870667934418
930,1573,0.2158830761909485
1311,632,0.25880154967308044
1311,1934,0.22786477208137512
1734,1303,0.2478727102279663
1734,376,0.24303056299686432
687,326,0.2537616789340973
687,2245,0.2487337291240692
1437,122,0.24508555233478546
1437,2202,0.22593382000923157
1630,1719,0.24432429671287537
1630,3008,0.24123044312000275
1291,1574,0.21632854640483856
1291,2334,0.21605679392814636
468,400,0.2612803876399994
468,2613,0.22820159792900085
936,2862,0.23780396580696106
936,1095,0.23573057353496552
1735,807,0.2508111596107483
1735,1808,0.24107849597930908
875,324,0.2364373803138733
875,3371,0.21617238223552704
546,1005,0.2247503250837326
546,1500,0.21985964477062225
1736,2802,0.26399415731430054
1736,667,0.2637290060520172
840,2429,0.24425919353961945
840,3305,0.23558133840560913
510,890,0.2534308433532715
510,269,0.23263238370418549
1691,1084,0.2519347071647644
1691,1844,0.2368517965078354
719,2219,0.261527955532074
719,2252,0.24662509560585022
258,2401,0.2523208558559418
258,2743,0.2487075924873352
973,3230,0.23244020342826843
973,2623,0.22277045249938965
1737,967,0.2359178513288498
1737,3219,0.23014341294765472
1063,2563,0.23864921927452087
1063,2374,0.2290319800376892
880,2389,0.24588535726070404
880,107,0.24567674100399017
1323,3250,0.2698468863964081
1323,2347,0.25429636240005493
1738,2749,0.2669133245944977
1738,2289,0.2244715839624405
1739,783,0.2331932634115219
1739,3359,0.23314303159713745
1005,546,0.22475026547908783
1005,2744,0.21184729039669037
1740,826,0.23284031450748444
1740,2322,0.2121780812740326
1741,203,0.2927986681461334
1741,3009,0.25294873118400574
237,1456,0.2626635730266571
237,936,0.23203931748867035
934,940,0.27961432933807373
934,945,0.24572838842868805
1742,602,0.21745136380195618
1742,1051,0.21419447660446167
523,1957,0.22476589679718018
523,2688,0.217267706990242
124,3038,0.26430341601371765
124,991,0.2349010705947876
1743,2502,0.29700490832328796
1743,2042,0.2803665101528168
545,2305,0.23897458612918854
545,938,0.23433369398117065
841,3167,0.2811633348464966
841,1968,0.24952058494091034
626,2820,0.25822484493255615
626,264,0.24933366477489471
1434,2601,0.23930855095386505
1434,1168,0.22692953050136566
498,871,0.3192161023616791
498,1588,0.22456610202789307
853,1804,0.25189918279647827
853,3160,0.2434236705303192
549,1223,0.26888367533683777
549,1379,0.24273985624313354
796,3074,0.25550326704978943
796,2422,0.22752997279167175
1744,3014,0.2298736721277237
1744,2886,0.2068129926919937
1745,1682,0.2818482518196106
1745,1369,0.2447393536567688
620,2517,0.25606197118759155
620,219,0.25146347284317017
683,1715,0.28087303042411804
683,1779,0.2754956781864166
623,3379,0.2534555196762085
623,978,0.25083184242248535
717,1264,0.24744687974452972
717,1336,0.24141091108322144
331,1544,0.24779224395751953
331,8,0.23214592039585114
1746,3383,0.25337064266204834
1746,5,0.22967812418937683
1747,507,0.2498941272497177
1747,2835,0.2255130261182785
809,1010,0.23398688435554504
809,3407,0.2278597503900528
705,3053,0.24062541127204895
705,862,0.23130521178245544
615,3041,0.2279042899608612
615,528,0.21255481243133545
1748,1195,0.2884815037250519
1748,3173,0.23447103798389435
884,1864,0.2640649974346161
884,1439,0.24159254133701324
1199,2335,0.2603238523006439
1199,1535,0.24350538849830627
1749,592,0.25967755913734436
1749,1272,0.2587721347808838
32,2163,0.26110485196113586
32,2829,0.21689003705978394
1750,2815,0.23615914583206177
1750,551,0.23219801485538483
409,366,0.21983955800533295
409,369,0.2117382287979126
327,530,0.2567206919193268
327,1335,0.2564377188682556
1279,1852,0.24274078011512756
1279,103,0.23620174825191498
701,3008,0.2905499339103699
701,1422,0.2292223870754242
309,3044,0.21427904069423676
309,1465,0.21301603317260742
1751,515,0.23235122859477997
1751,2907,0.22118045389652252
310,3305,0.22751682996749878
310,774,0.2266301065683365
1267,1926,0.26587703824043274
1267,527,0.2514466643333435
608,123,0.24036411941051483
608,353,0.23867622017860413
669,455,0.28605917096138
669,3315,0.2833147943019867
1752,2498,0.250198096036911
1752,1228,0.23430456221103668
656,678,0.2156098484992981
656,222,0.21326212584972382
1296,2018,0.22700747847557068
1296,2695,0.22694247961044312
1753,708,0.2462465614080429
1753,1947,0.22697141766548157
1653,3338,0.2595749497413635
1653,3121,0.2389552742242813
1754,2673,0.2982505261898041
1754,354,0.27276796102523804
1755,2153,0.23093917965888977
1755,1012,0.22814621031284332
1587,284,0.29176032543182373
1587,2924,0.2705911099910736
1400,2846,0.24946531653404236
1400,3129,0.22614239156246185
1050,745,0.23049843311309814
1050,1720,0.22110918164253235
141,2598,0.24835419654846191
141,358,0.23323185741901398
332,2315,0.26598724722862244
332,3404,0.23729003965854645
768,1776,0.3058534860610962
768,2390,0.24962328374385834
642,906,0.2582419514656067
642,1007,0.23367775976657867
1756,2638,0.24343952536582947
1756,2580,0.2334955930709839
923,825,0.25169873237609863
923,3130,0.23990385234355927
1405,1841,0.20665720105171204
1405,2539,0.19789935648441315
1757,6,0.32758378982543945
1757,2218,0.22845734655857086
449,2012,0.2285681664943695
449,867,0.22448375821113586
1758,1997,0.24184584617614746
1758,905,0.21809229254722595
1759,1652,0.2331027090549469
1759,488,0.22451218962669373
26,213,0.2466893494129181
26,3216,0.23831525444984436
1555,377,0.25857415795326233
1555,73,0.25394898653030396
562,1130,0.24082699418067932
562,2523,0.2394256293773651
1638,1029,0.27271896600723267
1638,3198,0.253775030374527
1498,2371,0.23591658473014832
1498,317,0.2228505164384842
1760,422,0.22287040948867798
1760,2384,0.20838092267513275
1761,1578,0.22872546315193176
1761,1787,0.2270161509513855
919,1812,0.2407510131597519
919,1857,0.2376551777124405
1762,2123,0.24734380841255188
1762,697,0.2290664166212082
604,607,0.2355632334947586
604,1993,0.22797536849975586
479,379,0.22863197326660156
479,900,0.21857613325119019
486,792,0.25417372584342957
486,1794,0.23544497787952423
1763,47,0.22223886847496033
1763,3300,0.2179660201072693
1764,3117,0.26504045724868774
1764,583,0.2380581647157669
408,708,0.25543662905693054
408,180,0.2382136881351471
58,2320,0.24548859894275665
58,2118,0.22323143482208252
53,1337,0.2543611526489258
53,2296,0.21810182929039001
988,1047,0.26945072412490845
988,1868,0.2414473593235016
538,1460,0.2798667848110199
538,2053,0.2765503227710724
1500,546,0.21985960006713867
1500,3284,0.19566574692726135
244,1992,0.24228832125663757
244,601,0.2287735491991043
494,2997,0.2498568445444107
494,2228,0.23696817457675934
423,1605,0.2342832237482071
423,1782,0.21528980135917664
1327,2620,0.23329854011535645
1327,606,0.22910438477993011
987,1021,0.2692476212978363
987,2821,0.23759745061397552
1238,1101,0.2539488971233368
1238,198,0.22530104219913483
458,2372,0.25736111402511597
458,1458,0.23543603718280792
1765,1936,0.22533227503299713
1765,3111,0.21466337144374847
1766,3183,0.2606875002384186
1766,1666,0.2576426565647125
665,2907,0.23445169627666473
665,86,0.23438876867294312
1021,987,0.26924756169319153
1021,2952,0.23280207812786102
514,2485,0.20779067277908325
514,496,0.20766966044902802
856,903,0.2799011170864105
856,164,0.25121787190437317
803,3177,0.25404688715934753
803,2966,0.23428361117839813
723,3182,0.2448573112487793
723,1573,0.22252248227596283
800,230,0.25161799788475037
800,913,0.24480050802230835
1604,1754,0.22424554824829102
1604,1909,0.22423727810382843
1505,2109,0.23894554376602173
1505,2610,0.23406656086444855
630,3106,0.24541828036308289
630,2409,0.24179545044898987
1303,1969,0.3214651644229889
1303,971,0.26668256521224976
1767,54,0.2335958629846573
1767,1426,0.23353230953216553
497,252,0.2413579523563385
497,328,0.2160312682390213
1012,1575,0.25238871574401855
1012,1429,0.2444125860929489
799,3021,0.2591385543346405
799,2337,0.2346785068511963
1768,2959,0.24977421760559082
1768,1178,0.22502094507217407
1366,2632,0.24317149817943573
1366,3096,0.22783352434635162
49,1676,0.25504955649375916
49,2845,0.2388983815908432
900,735,0.2371639460325241
900,2813,0.2344227433204651
1526,2985,0.2638183534145355
1526,166,0.2553137242794037
1769,674,0.28529423475265503
1769,2080,0.23345084488391876
739,1885,0.27449753880500793
739,2488,0.25237607955932617
1553,439,0.27391889691352844
1553,1175,0.25020480155944824
1770,694,0.24642309546470642
1770,1200,0.23663511872291565
1455,2510,0.2638913691043854
1455,2172,0.2541051506996155
1771,1589,0.285584419965744
1771,638,0.23682408034801483
653,2786,0.25082704424858093
653,2480,0.21774615347385406
1060,2366,0.24585610628128052
1060,2394,0.23366641998291016
672,2393,0.22359198331832886
672,2667,0.212628573179245
999,2695,0.26943016052246094
999,2945,0.24178124964237213
1772,2372,0.23229271173477173
1772,2804,0.22646558284759521
1213,396,0.25342124700546265
1213,2058,0.23274239897727966
216,886,0.2635621130466461
216,2235,0.2541031539440155
419,186,0.23025687038898468
419,2766,0.226975679397583
986,567,0.26979860663414
986,3046,0.25604236125946045
1200,413,0.2830626666545868
1200,1770,0.23663517832756042
1375,281,0.24364003539085388
1375,2043,0.2414810061454773
965,1341,0.2761038541793823
965,109,0.24276457726955414
1773,1676,0.2448369264602661
1773,1092,0.24373948574066162
1774,961,0.25339820981025696
1774,2764,0.23150692880153656
489,1393,0.2548629343509674
489,674,0.22888199985027313
1775,3127,0.23336195945739746
1775,3380,0.2211005985736847
820,1161,0.25314900279045105
820,1804,0.2244502454996109
175,1984,0.2798311114311218
175,793,0.2576234042644501
1776,768,0.3058534860610962
1776,1289,0.24067422747612
651,1901,0.2561202049255371
651,1801,0.2527567446231842
1198,1463,0.22424285113811493
1198,3214,0.21995960175991058
1777,296,0.23747476935386658
1777,2830,0.2333681881427765
441,597,0.28415215015411377
441,2130,0.2558276951313019
1778,2338,0.23499193787574768
1778,295,0.2209153026342392
1521,998,0.24723103642463684
1521,2654,0.23515301942825317
1389,2762,0.29948022961616516
1389,1614,0.2817583382129669
834,668,0.22345778346061707
834,2261,0.21632681787014008
811,3300,0.24978697299957275
811,2021,0.2272276133298874
1779,683,0.2754957675933838
1779,1535,0.2379179298877716
1286,576,0.26520228385925293
1286,3130,0.21271714568138123
1649,2682,0.30243101716041565
1649,3130,0.26750481128692627
872,1892,0.22498025000095367
872,2349,0.21835783123970032
1689,186,0.2753509283065796
1689,2235,0.227385476231575
1502,2537,0.2717592716217041
1502,193,0.22847627103328705
229,2214,0.23417726159095764
229,2081,0.22029703855514526
1780,2695,0.27134037017822266
1780,3261,0.24096515774726868
1398,2747,0.26402726769447327
1398,2297,0.2428288608789444
1781,2986,0.27796173095703125
1781,95,0.2396513670682907
846,2056,0.24897035956382751
846,76,0.2201654016971588
1000,2428,0.27683910727500916
1000,341,0.27566343545913696
1782,189,0.2842443287372589
1782,1421,0.24104349315166473
1783,268,0.2439403384923935
1783,2464,0.23235052824020386
80,489,0.22100713849067688
80,2197,0.21785660088062286
1784,2297,0.24526897072792053
1784,1567,0.23477032780647278
1785,2687,0.25497788190841675
1785,1495,0.2472291886806488
1786,1454,0.23184984922409058
1786,68,0.2307337522506714
662,2207,0.26714393496513367
662,186,0.22074520587921143
1314,2561,0.2502467632293701
1314,2854,0.2366822212934494
1645,911,0.2920534014701843
1645,3012,0.24692963063716888
1787,2226,0.24857757985591888
1787,1761,0.22701610624790192
1788,3364,0.2287246286869049
1788,578,0.22582247853279114
966,3373,0.28837984800338745
966,1608,0.218179851770401
284,1587,0.29176029562950134
284,2110,0.23904889822006226
1356,869,0.2501896917819977
1356,3405,0.23328465223312378
1717,1480,0.24649150669574738
1717,1726,0.23777815699577332
1616,3049,0.2744637131690979
1616,1657,0.21781706809997559
975,178,0.2668902575969696
975,1691,0.23519344627857208
1789,2145,0.22975122928619385
1789,2102,0.22163183987140656
735,211,0.2524987459182739
735,900,0.23716393113136292
1790,1707,0.24011826515197754
1790,3069,0.21801333129405975
865,2350,0.24445697665214539
865,2482,0.21321970224380493
1791,920,0.2486642599105835
1791,1811,0.2259896695613861
842,2326,0.2773951292037964
842,3278,0.21418166160583496
1625,3000,0.27283960580825806
1625,534,0.24063986539840698
356,582,0.22199569642543793
356,868,0.20259739458560944
773,1119,0.2955668270587921
773,649,0.2660234570503235
1792,1627,0.25254857540130615
1792,1695,0.2499517798423767
722,2198,0.23549039661884308
722,1299,0.2350780963897705
1793,568,0.24221459031105042
1793,404,0.2210090607404709
346,176,0.24037297070026398
346,2967,0.2141103893518448
1794,486,0.23544493317604065
1794,1281,0.22666817903518677
1317,764,0.25335896015167236
1317,1188,0.2324633002281189
1510,2900,0.2456497699022293
1510,943,0.2175629734992981
1795,2926,0.2728755474090576
1795,1809,0.24436481297016144
1796,1693,0.27294233441352844
1796,603,0.23677875101566315
721,570,0.28122496604919434
721,2858,0.2569727301597595
858,2647,0.27191662788391113
858,1266,0.25194603204727173
1797,2096,0.24405375123023987
1797,2848,0.23840248584747314
744,3132,0.2915697693824768
744,1663,0.23520463705062866
1798,465,0.2695607841014862
1798,1822,0.25885093212127686
156,2064,0.2756735384464264
156,2359,0.24953080713748932
1799,1412,0.23411406576633453
1799,611,0.23111625015735626
1800,1193,0.2495158165693283
1800,2743,0.23808154463768005
1801,651,0.25275668501853943
1801,1245,0.2499283254146576
450,717,0.2270859032869339
450,2757,0.22456741333007812
1075,2352,0.25951045751571655
1075,3217,0.2263897955417633
1802,2566,0.2545230984687805
1802,3016,0.2313852161169052
1803,2537,0.23260709643363953
1803,621,0.22751358151435852
202,1046,0.2589625418186188
202,1932,0.2581617832183838
1804,853,0.2518991529941559
1804,2317,0.24841837584972382
1805,1217,0.25020015239715576
1805,2692,0.2404738813638687
1806,1979,0.2260662019252777
1806,2196,0.21957369148731232
1059,2753,0.2261994630098343
1059,2751,0.2261982560157776
655,1633,0.25730201601982117
655,1854,0.24796266853809357
1622,1508,0.2432655394077301
1622,1139,0.2210429161787033
1371,3180,0.2578052282333374
1371,2051,0.25757837295532227
1807,343,0.26589930057525635
1807,3317,0.23882363736629486
131,2138,0.22871321439743042
131,18,0.22444863617420197
1401,1654,0.24411992728710175
1401,3074,0.23256494104862213
908,1545,0.2516136169433594
908,2199,0.20235730707645416
696,2832,0.24434034526348114
696,2755,0.23400884866714478
640,3316,0.22133328020572662
640,3183,0.21202059090137482
652,3295,0.24678663909435272
652,2941,0.2260521650314331
1460,538,0.2798667848110199
1460,914,0.24013331532478333
863,2575,0.26248472929000854
863,2170,0.2393524944782257
1480,1717,0.24649149179458618
1480,1003,0.24540665745735168
493,2784,0.243626207113266
493,1121,0.22530391812324524
634,666,0.24126477539539337
634,2856,0.23045764863491058
242,2342,0.21541064977645874
242,849,0.2124134749174118
1808,1735,0.2410784512758255
1808,433,0.23356911540031433
912,3247,0.21724346280097961
912,1560,0.21545156836509705
1665,87,0.25062012672424316
1665,602,0.2495267540216446
582,2262,0.2439221739768982
582,3222,0.23928065598011017
617,1427,0.24305827915668488
617,533,0.23488979041576385
1809,1956,0.29995954036712646
1809,1795,0.24436479806900024
1810,2989,0.2606792449951172
1810,72,0.22810542583465576
1516,3050,0.2823110818862915
1516,1700,0.2505922019481659
389,861,0.3097829222679138
389,1879,0.24273893237113953
1811,2092,0.26012349128723145
1811,1791,0.2259896844625473
367,2513,0.24382035434246063
367,2705,0.226325124502182
1618,709,0.26142245531082153
1618,117,0.2588105797767639
173,2134,0.2569026052951813
173,2809,0.23036010563373566
1812,3261,0.3307250440120697
1812,919,0.24075102806091309
785,2745,0.23664632439613342
785,1173,0.2322985678911209
180,408,0.2382136881351471
180,329,0.2328449934720993
1813,360,0.21742399036884308
1813,3271,0.2119682878255844
960,1199,0.21732793748378754
960,1141,0.21702727675437927
1814,2094,0.23052795231342316
1814,492,0.22118379175662994
537,1665,0.2424565553665161
537,1030,0.2417609840631485
1919,3328,0.2269705832004547
1919,1260,0.20849914848804474
372,574,0.24381496012210846
372,2130,0.24051479995250702
1019,1582,0.25570687651634216
1019,357,0.21895577013492584
77,2573,0.22810399532318115
77,3263,0.22707410156726837
519,2612,0.23148807883262634
519,3340,0.21878139674663544
194,1204,0.23366060853004456
194,2440,0.2187798172235489
557,2280,0.2510083317756653
557,3237,0.22664852440357208
471,400,0.23726217448711395
471,1709,0.23339487612247467
1071,2031,0.29497432708740234
1071,3155,0.24397599697113037
410,3255,0.26806241273880005
410,3091,0.2524299919605255
1486,2036,0.2901616394519806
1486,86,0.23205839097499847
1953,2475,0.23619747161865234
1953,271,0.2332533448934555
1954,2806,0.2408985048532486
1954,290,0.2208172231912613
1958,2501,0.22036755084991455
1958,663,0.2126278430223465
749,104,0.22831453382968903
749,1900,0.22535723447799683
2115,3308,0.2353772222995758
2115,926,0.2344628870487213
536,2087,0.21891482174396515
536,1638,0.20785793662071228
1644,1583,0.24349117279052734
1644,644,0.21927522122859955
597,441,0.28415215015411377
597,3020,0.2465558797121048
1463,1198,0.22424282133579254
1463,2689,0.22232657670974731
1004,3371,0.22481943666934967
1004,55,0.22306685149669647
1016,3323,0.2603517770767212
1016,2124,0.2518308460712433
1310,4,0.23535583913326263
1310,1999,0.22102802991867065
2189,308,0.2671797275543213
2189,2655,0.23673588037490845
2192,3216,0.2400805652141571
2192,1306,0.23431538045406342
592,1749,0.25967758893966675
592,2906,0.25250548124313354
805,306,0.23283597826957703
805,1296,0.22351083159446716
605,431,0.2754622995853424
605,1569,0.21953673660755157
2200,1522,0.29493996500968933
2200,2927,0.2290745973587036
524,2421,0.23813799023628235
524,2119,0.22982382774353027
1708,2420,0.24626097083091736
1708,2736,0.2140890508890152
2249,3364,0.23315969109535217
2249,718,0.21777363121509552
1033,2826,0.24176624417304993
1033,3088,0.22489063441753387
580,2937,0.24912290275096893
580,3360,0.23502975702285767
2250,2710,0.2534601390361786
2250,3264,0.24259354174137115
955,2453,0.2509215176105499
955,3100,0.22630104422569275
1624,570,0.25407853722572327
1624,985,0.23320132493972778
1581,1602,0.26467785239219666
1581,777,0.24039676785469055
2305,545,0.23897463083267212
2305,3012,0.23203201591968536
621,1803,0.22751359641551971
621,3408,0.2209167778491974
1197,599,0.31308963894844055
1197,768,0.23120613396167755
867,363,0.24519920349121094
867,435,0.22491660714149475
487,3130,0.25445252656936646
487,1924,0.23118717968463898
647,1334,0.23930464684963226
647,1028,0.22757267951965332
2350,865,0.24445700645446777
2350,1749,0.22488418221473694
2240,2294,0.3119520843029022
2240,1934,0.2674756646156311
1231,1497,0.2535063922405243
1231,2451,0.2513352036476135
1491,184,0.27300116419792175
1491,895,0.23508252203464508
201,3140,0.24394865334033966
201,2128,0.2397589385509491
2361,2914,0.25373390316963196
2361,3372,0.24724973738193512
1258,122,0.22529049217700958
1258,3328,0.2173016369342804
2002,2379,0.2544785737991333
2002,1722,0.22670888900756836
2362,213,0.25663062930107117
2362,1610,0.23740524053573608
2086,1845,0.2644994556903839
2086,150,0.21933425962924957
2364,3362,0.2551545798778534
2364,1997,0.2357860654592514
567,1133,0.2732962667942047
567,986,0.2697986364364624
1858,198,0.24928238987922668
1858,2356,0.21207119524478912
2373,1399,0.21377015113830566
2373,418,0.21025335788726807
2376,2307,0.2733243703842163
2376,2490,0.21699368953704834
2378,2992,0.2955965995788574
2378,294,0.24034008383750916
2062,1308,0.2233806550502777
2062,1874,0.21728643774986267
1403,2176,0.21033692359924316
1403,307,0.20845457911491394
1469,2527,0.2637662887573242
1469,205,0.23889365792274475
2230,575,0.25148728489875793
2230,1713,0.25106269121170044
2381,1225,0.2341226041316986
2381,178,0.22442863881587982
1696,575,0.21852748095989227
1696,2301,0.21285149455070496
2028,1081,0.23730988800525665
2028,2616,0.2338370680809021
943,248,0.2730230987071991
943,2358,0.24567976593971252
1654,1401,0.24411997199058533
1654,317,0.2280927151441574
1034,2653,0.2621614336967468
1034,2298,0.2593538761138916
1826,1564,0.2356550693511963
1826,2228,0.22088593244552612
2388,2001,0.22918999195098877
2388,1206,0.22043366730213165
1667,1646,0.23954428732395172
1667,1315,0.22732317447662354
1031,447,0.2713317573070526
1031,2050,0.22876375913619995
1201,435,0.2278888076543808
1201,478,0.22533439099788666
1706,1007,0.25428083539009094
1706,3040,0.22996170818805695
961,1774,0.25339826941490173
961,2195,0.23979616165161133
871,498,0.31921613216400146
871,3000,0.2705935835838318
2391,1460,0.2317543625831604
2391,1255,0.22465771436691284
1964,1161,0.2835673987865448
1964,3356,0.26148271560668945
2394,808,0.25285419821739197
2394,1060,0.23366641998291016
1316,2415,0.23057080805301666
1316,1126,0.22759391367435455
2395,319,0.2536015212535858
2395,2409,0.22406591475009918
2396,2552,0.2451852560043335
2396,3336,0.22404642403125763
2397,2980,0.2569849193096161
2397,1511,0.22853337228298187
2398,2642,0.2519189119338989
2398,499,0.24457037448883057
636,1539,0.2366846799850464
636,1899,0.2342706173658371
1415,1239,0.22544655203819275
1415,704,0.21588832139968872
668,1972,0.2630074620246887
668,1497,0.24418607354164124
959,1575,0.27204787731170654
959,2925,0.22353336215019226
2400,2831,0.2520776391029358
2400,38,0.24855221807956696
1321,277,0.23798389732837677
1321,2511,0.22032451629638672
2403,281,0.25643637776374817
2403,582,0.23753395676612854
864,2626,0.22301499545574188
864,2059,0.21784497797489166
2408,1539,0.22732266783714294
2408,2344,0.22354166209697723
2138,2523,0.23206625878810883
2138,131,0.22871318459510803
1025,860,0.24046555161476135
1025,762,0.21674033999443054
2411,3257,0.2695964574813843
2411,2980,0.24427275359630585
2412,2141,0.22276340425014496
2412,1432,0.2185545563697815
772,3347,0.22529710829257965
772,921,0.22104443609714508
1842,3253,0.26764026284217834
1842,1363,0.26058271527290344
2267,2552,0.2323475480079651
2267,1718,0.21950428187847137
2271,651,0.25230222940444946
2271,3142,0.22360152006149292
2347,1323,0.25429630279541016
2347,1707,0.2538364827632904
2363,1052,0.26840153336524963
2363,2336,0.2632371783256531
740,1038,0.24351683259010315
740,178,0.2367440164089203
1870,985,0.22497722506523132
1870,2331,0.22252601385116577
2160,34,0.23116187751293182
2160,2796,0.22773291170597076
892,2365,0.2233695536851883
892,507,0.21786807477474213
788,1732,0.2559036612510681
788,2880,0.2548884451389313
1902,2733,0.25999951362609863
1902,1352,0.246159628033638
742,2694,0.27688461542129517
742,1475,0.2729760408401489
2328,2642,0.24404476583003998
2328,698,0.2177300602197647
2421,1488,0.24269163608551025
2421,524,0.23813799023628235
2307,2376,0.2733243703842163
2307,17,0.26593711972236633
490,802,0.25595173239707947
490,2558,0.232389435172081
184,1491,0.27300122380256653
184,333,0.25112518668174744
2407,2766,0.23714400827884674
2407,545,0.23091712594032288
1047,988,0.2694507837295532
1047,2883,0.24666085839271545
1548,432,0.25225162506103516
1548,854,0.23426109552383423
860,1982,0.25697165727615356
860,1025,0.24046559631824493
2425,570,0.26175355911254883
2425,1992,0.25668904185295105
2218,2615,0.25093919038772583
2218,1757,0.22845736145973206
1447,3362,0.2358916997909546
1447,1912,0.2295282483100891
1860,245,0.21013808250427246
1860,285,0.20551934838294983
2426,1040,0.2415354996919632
2426,381,0.22389528155326843
2428,1367,0.2796683609485626
2428,1000,0.2768390476703644
530,1865,0.27112776041030884
530,327,0.25672072172164917
2325,1289,0.28616026043891907
2325,2000,0.2563978433609009
2111,260,0.267245888710022
2111,399,0.23896798491477966
1871,41,0.2530495524406433
1871,406,0.2421090006828308
1249,2059,0.23598413169384003
1249,315,0.22261609137058258
584,1030,0.24721333384513855
584,1941,0.21997012197971344
994,2955,0.2796950936317444
994,2836,0.23430973291397095
1051,1036,0.24546591937541962
1051,2001,0.23810958862304688
837,2957,0.24221867322921753
837,300,0.2379177212715149
2432,2525,0.2629587948322296
2432,907,0.25891274213790894
1946,2044,0.241721510887146
1946,2995,0.23840075731277466
1943,2568,0.24680842459201813
1943,3234,0.23008520901203156
1299,722,0.23507808148860931
1299,1833,0.2120974361896515
1219,445,0.2272055447101593
1219,2335,0.21387644112110138
2296,2257,0.26993119716644287
2296,2479,0.22305846214294434
2438,3400,0.2375822216272354
2438,1691,0.2270963191986084
2236,878,0.23580457270145416
2236,3156,0.23445723950862885
1831,2211,0.25889432430267334
1831,1324,0.2238442748785019
1293,624,0.26090237498283386
1293,1148,0.24954651296138763
507,1747,0.24989411234855652
507,2964,0.2207663208246231
1333,2906,0.22688476741313934
1333,2005,0.22341807186603546
2441,247,0.23768281936645508
2441,798,0.2341761291027069
2442,2513,0.27066177129745483
2442,3264,0.22857783734798431
836,1465,0.2423289567232132
836,970,0.23708117008209229
935,2788,0.23377083241939545
935,2235,0.2284075915813446
2237,1557,0.22828345000743866
2237,357,0.22691099345684052
1454,1623,0.24133077263832092
1454,1786,0.23184987902641296
2443,1982,0.24340197443962097
2443,16,0.21041379868984222
2444,2523,0.29541701078414917
2444,2008,0.23402105271816254
506,1916,0.27941712737083435
506,288,0.24505265057086945
1394,195,0.2346404790878296
1394,3249,0.23013931512832642
402,458,0.23356600105762482
402,420,0.23146675527095795
1714,157,0.27768513560295105
1714,2143,0.2222490757703781
848,690,0.24005049467086792
848,1338,0.23168344795703888
1998,3095,0.2352786660194397
1998,1059,0.21559970080852509
2211,1941,0.2606980800628662
2211,1831,0.25889429450035095
2021,2538,0.29403844475746155
2021,1647,0.2708742618560791
2447,2932,0.3004096746444702
2447,1871,0.23246921598911285
1944,1449,0.2345772534608841
1944,1410,0.231525257229805
2448,1433,0.22758348286151886
2448,99,0.22716140747070312
1312,499,0.2937108874320984
1312,1713,0.2518159747123718
268,1783,0.2439403086900711
268,1486,0.23190362751483917
299,496,0.2579488754272461
299,2851,0.24578340351581573
998,1521,0.24723100662231445
998,2187,0.23073247075080872
2450,1492,0.2751768231391907
2450,1697,0.22675299644470215
262,2894,0.307120144367218
262,2371,0.2801585793495178
488,1955,0.24108484387397766
488,1759,0.2245122492313385
944,2764,0.2384330779314041
944,215,0.23642240464687347
817,1574,0.2341596782207489
817,1467,0.22286449372768402
1024,2941,0.2832956314086914
1024,2646,0.2795025408267975
1672,986,0.21823257207870483
1672,950,0.21576513350009918
829,167,0.261505663394928
829,2340,0.2499375194311142
2451,700,0.26050063967704773
2451,182,0.2517105042934418
2452,3363,0.2282082438468933
2452,652,0.21014900505542755
2289,1657,0.2786959111690521
2289,2038,0.25871115922927856
2299,2015,0.22061145305633545
2299,2631,0.21925736963748932
2453,2168,0.2533193528652191
2453,955,0.25092148780822754
830,512,0.25116297602653503
830,67,0.23281729221343994
2179,1100,0.2959336042404175
2179,2818,0.27002108097076416
639,2458,0.20614567399024963
639,1462,0.20178507268428802
2454,338,0.22487737238407135
2454,2063,0.22111961245536804
2312,300,0.28197482228279114
2312,2380,0.24415338039398193
1560,2192,0.22964783012866974
1560,1892,0.2261018306016922
1558,184,0.22353599965572357
1558,2150,0.22068603336811066
2455,463,0.2595363259315491
2455,1020,0.24800392985343933
435,3198,0.23195411264896393
435,1201,0.22788883745670319
2456,2713,0.2296924889087677
2456,2369,0.21775420010089874
2228,330,0.23992976546287537
2228,494,0.23696817457675934
979,711,0.24725228548049927
979,136,0.23496265709400177
2080,1977,0.2415095418691635
2080,1769,0.23345085978507996
1704,2072,0.21602830290794373
1704,3353,0.21493078768253326
2284,2961,0.23218843340873718
2284,2885,0.22131647169589996
1233,362,0.27807873487472534
1233,1695,0.2668260335922241
1489,1399,0.26071080565452576
1489,3370,0.24950934946537018
1517,3270,0.23454828560352325
1517,1654,0.22797922790050507
2457,1006,0.24014009535312653
2457,2788,0.2253427952528
1632,567,0.25975701212882996
1632,1839,0.2591246962547302
1913,1917,0.22554650902748108
1913,1382,0.22112777829170227
1372,391,0.22129058837890625
1372,3021,0.21066072583198547
2458,1207,0.2892138361930847
2458,1594,0.24808484315872192
1235,2794,0.2516939043998718
1235,159,0.2374430000782013
889,446,0.23831656575202942
889,2926,0.22791136801242828
277,1190,0.2807478904724121
277,1321,0.23798394203186035
727,1008,0.242058664560318
727,133,0.23897376656532288
1951,2336,0.2581530213356018
1951,2529,0.2578147351741791
1620,1292,0.24897171556949615
1620,3257,0.22741654515266418
2116,1640,0.26411953568458557
2116,1923,0.24182657897472382
2459,3116,0.2526348829269409
2459,134,0.24788464605808258
2227,2067,0.23762166500091553
2227,1243,0.23669877648353577
333,184,0.25112518668174744
333,1752,0.22411487996578217
2010,1283,0.24829502403736115
2010,3356,0.22785109281539917
2118,1715,0.23925022780895233
2118,512,0.23196956515312195
2460,859,0.23302458226680756
2460,1068,0.20792189240455627
2216,2592,0.25878363847732544
2216,1533,0.24530895054340363
2207,662,0.26714399456977844
2207,286,0.2505122721195221
2461,1462,0.23055939376354218
2461,3372,0.22454848885536194
2055,1579,0.25464946031570435
2055,3046,0.24134564399719238
1015,281,0.22169849276542664
1015,2826,0.2208956480026245
2203,1117,0.2710430324077606
2203,308,0.2139965295791626
1297,19,0.23242533206939697
1297,2196,0.23175731301307678
1907,882,0.2857440114021301
1907,728,0.28228235244750977
2462,553,0.21516944468021393
2462,2188,0.21391259133815765
1668,1986,0.27571073174476624
1668,1475,0.2261224091053009
970,836,0.2370811551809311
970,2374,0.21544986963272095
2463,566,0.2684600353240967
2463,920,0.24977679550647736
2464,2463,0.24165132641792297
2464,1783,0.23235046863555908
2251,3232,0.25256291031837463
2251,592,0.22828878462314606
891,1155,0.23482200503349304
891,336,0.22410917282104492
376,1535,0.2598766088485718
376,2765,0.2459465116262436
168,3330,0.27621057629585266
168,2482,0.24623748660087585
2466,2469,0.2691963016986847
2466,331,0.23049895465373993
1234,706,0.2183537483215332
1234,2280,0.2162855565547943
1246,2930,0.24501623213291168
1246,1432,0.23173753917217255
2467,2895,0.20580720901489258
2467,796,0.20263876020908356
2315,332,0.2659872770309448
2315,810,0.25286728143692017
1280,681,0.24369409680366516
1280,1090,0.24147263169288635
2468,2774,0.23083442449569702
2468,1481,0.2290513813495636
472,321,0.25460901856422424
472,680,0.22891396284103394
2050,2691,0.2766772508621216
2050,1572,0.229908749461174
1589,1771,0.28558439016342163
1589,3139,0.24547767639160156
2469,2466,0.2691963315010071
2469,826,0.23814649879932404
885,1325,0.23998770117759705
885,312,0.22082142531871796
2229,94,0.2069462686777115
2229,858,0.202359139919281
1933,1903,0.2387406826019287
1933,357,0.22638025879859924
1424,1388,0.2844582498073578
1424,1278,0.23137147724628448
2327,2819,0.23715215921401978
2327,3350,0.223073810338974
1523,1462,0.22977618873119354
1523,784,0.22492077946662903
1300,3004,0.25024181604385376
1300,1686,0.24159884452819824
2470,1396,0.26589977741241455
2470,766,0.2409687340259552
1260,2562,0.24111539125442505
1260,2367,0.2188623696565628
814,676,0.3066660463809967
814,2180,0.25376713275909424
2318,2721,0.23963671922683716
2318,462,0.2350149005651474
1627,1792,0.2525486350059509
1627,1887,0.21534816920757294
2472,411,0.23230361938476562
2472,1455,0.22557222843170166
2473,429,0.22713223099708557
2473,3139,0.22629359364509583
2297,1784,0.24526898562908173
2297,1398,0.24282889068126678
810,2315,0.2528672516345978
810,2205,0.22757042944431305
2474,2807,0.24108333885669708
2474,2366,0.21702589094638824
2475,1733,0.24129216372966766
2475,1912,0.23967744410037994
404,3150,0.26602703332901
404,751,0.2600278854370117
1196,3030,0.27168163657188416
1196,1645,0.21602658927440643
984,2503,0.31531399488449097
984,306,0.2524782121181488
862,511,0.2748306095600128
862,1231,0.23829519748687744
763,3001,0.2566792368888855
763,645,0.21472305059432983
1621,768,0.23185329139232635
1621,2202,0.22198927402496338
781,2783,0.24324931204319
781,1085,0.2182031124830246
1329,3128,0.27525267004966736
1329,1337,0.26635047793388367
2478,3275,0.29158535599708557
2478,3300,0.2432493269443512
1577,2604,0.23546597361564636
1577,2975,0.2189423143863678
2479,594,0.2368057668209076
2479,3146,0.23568320274353027
2480,59,0.2416674792766571
2480,504,0.23652370274066925
1378,2577,0.31243836879730225
1378,2547,0.2398947924375534
2232,2531,0.2274983823299408
2232,415,0.22172100841999054
951,2178,0.23645909130573273
951,564,0.21862871944904327
2185,3261,0.26406946778297424
2185,878,0.20936979353427887
2481,2261,0.2539840340614319
2481,2832,0.24031557142734528
1313,2308,0.2317296415567398
1313,385,0.2070617973804474
2377,1456,0.2670210003852844
2377,1474,0.2209300547838211
2484,793,0.24288390576839447
2484,2356,0.233751580119133
637,3377,0.2584867775440216
637,1578,0.21687205135822296
2485,3251,0.22162525355815887
2485,3069,0.2213454246520996
1020,2455,0.24800391495227814
1020,638,0.22288177907466888
2486,1614,0.23150081932544708
2486,1401,0.2255149781703949
1027,2353,0.24742916226387024
1027,235,0.24416594207286835
940,934,0.27961426973342896
940,2607,0.23880356550216675
2487,2125,0.2512141764163971
2487,1977,0.237295001745224
1252,3363,0.21792234480381012
1252,1036,0.2112346738576889
2488,3405,0.26336541771888733
2488,739,0.252375990152359
1818,2434,0.239518940448761
1818,2399,0.2303062081336975
2489,2506,0.26834636926651
2489,267,0.26076740026474
2257,2296,0.2699311673641205
2257,2129,0.22375424206256866
2490,405,0.2570880055427551
2490,2256,0.2516763508319855
2193,2476,0.23025646805763245
2193,2525,0.2159273326396942
2491,209,0.25042295455932617
2491,2317,0.24216778576374054
2492,2444,0.22937394678592682
2492,116,0.22543193399906158
2493,1822,0.28732797503471375
2493,3040,0.23424862325191498
2494,2533,0.27267804741859436
2494,3386,0.24876292049884796
775,3137,0.23135130107402802
775,1720,0.23072093725204468
738,2262,0.2818377614021301
738,1208,0.2731136083602905
462,2853,0.2583209276199341
462,2307,0.23794065415859222
1330,2725,0.24962325394153595
1330,687,0.22840963304042816
754,2669,0.21683812141418457
754,2602,0.2136589139699936
2384,2289,0.2501787841320038
2384,2198,0.2498401552438736
2482,168,0.24623751640319824
2482,594,0.22625285387039185
1410,1944,0.2315252721309662
1410,722,0.21639542281627655
2495,1549,0.20494641363620758
2495,2223,0.20429612696170807
706,235,0.25084030628204346
706,3168,0.22918246686458588
1408,50,0.29721948504447937
1408,2446,0.2332403063774109
938,545,0.23433367908000946
938,1225,0.23264113068580627
2204,2565,0.28168511390686035
2204,3248,0.24131393432617188
1298,2559,0.24091213941574097
1298,2222,0.21952994167804718
1518,688,0.2813601493835449
1518,56,0.22742125391960144
1458,2944,0.2623627185821533
1458,458,0.23543603718280792
2498,2929,0.25585445761680603
2498,1752,0.250198096036911
2499,2245,0.2140544056892395
2499,2454,0.2117553949356079
791,2361,0.22775892913341522
791,241,0.22059863805770874
2501,327,0.24876591563224792
2501,118,0.22801989316940308
2248,446,0.2491588443517685
2248,1341,0.24091704189777374
1309,177,0.23280932009220123
1309,2998,0.22494637966156006
1603,3373,0.25918179750442505
1603,133,0.25414958596229553
2044,3403,0.28227898478507996
2044,1946,0.2417214959859848
839,2664,0.24556134641170502
839,2933,0.24184781312942505
1823,1236,0.24352452158927917
1823,1070,0.22211427986621857
2344,2408,0.22354163229465485
2344,528,0.2083146721124649
2506,2784,0.2794094681739807
2506,2489,0.2683463394641876
2507,2504,0.2716424763202667
2507,3399,0.23837828636169434
1679,2098,0.22811861336231232
1679,958,0.21911412477493286
650,2983,0.25033038854599
650,399,0.24694117903709412
1636,2127,0.24362444877624512
1636,2843,0.21354399621486664
1815,3294,0.2463458925485611
1815,2213,0.22975267469882965
2383,1245,0.21476046741008759
2383,332,0.2043536752462387
644,1395,0.24983184039592743
644,3241,0.23736612498760223
1948,3392,0.27231135964393616
1948,2804,0.23242349922657013
2283,1980,0.24732531607151031
2283,2219,0.23748403787612915
1562,939,0.2298869788646698
1562,2907,0.21057116985321045
1344,1224,0.22844772040843964
1344,2921,0.22642821073532104
361,2588,0.25232043862342834
361,2932,0.2369392365217209
2254,1274,0.2500215768814087
2254,2289,0.2251606434583664
2253,1589,0.2287599891424179
2253,2092,0.2067948430776596
2512,3042,0.25241029262542725
2512,2242,0.2477775514125824
1259,3382,0.25427374243736267
1259,2401,0.23530811071395874
2513,2442,0.27066177129745483
2513,367,0.24382036924362183
2166,525,0.23924623429775238
2166,1024,0.23341716825962067
2300,2313,0.26570335030555725
2300,41,0.2648754417896271
1250,760,0.2525533437728882
1250,1650,0.24838919937610626
1882,1617,0.3009694218635559
1882,2595,0.276176780462265
2514,1007,0.2169557511806488
2514,1498,0.21581131219863892
1278,1186,0.2598598003387451
1278,1687,0.24627569317817688
2518,3185,0.22613319754600525
2518,2422,0.2160317301750183
1328,464,0.21155044436454773
1328,2292,0.2063162922859192
823,2727,0.2547498345375061
823,2252,0.22115302085876465
2519,327,0.22627799212932587
2519,1143,0.21853387355804443
2521,2936,0.26617422699928284
2521,1960,0.22025594115257263
2263,2243,0.28060266375541687
2263,997,0.2165636420249939
2304,2331,0.22006075084209442
2304,2124,0.21907584369182587
1641,2562,0.2480507791042328
1641,691,0.2248302400112152
2522,274,0.25616440176963806
2522,27,0.24232278764247894
2523,2444,0.29541704058647156
2523,2095,0.2745361328125
2524,2869,0.26372334361076355
2524,2900,0.2505713999271393
2122,1026,0.27015677094459534
2122,81,0.2485733926296234
2525,2432,0.2629587650299072
2525,2760,0.2253304272890091
1482,1109,0.21962222456932068
1482,3223,0.21193674206733704
1564,1826,0.23565509915351868
1564,3292,0.2332850843667984
2052,3376,0.24338892102241516
2052,2420,0.23298029601573944
990,1871,0.23659078776836395
990,127,0.23291094601154327
1511,3292,0.23329965770244598
1511,2397,0.22853341698646545
1413,3012,0.2791479825973511
1413,599,0.26151102781295776
794,1390,0.2525251805782318
794,1926,0.24104072153568268
2527,1469,0.2637662887573242
2527,2643,0.21121715009212494
895,1491,0.23508253693580627
895,2211,0.2238207757472992
2079,2870,0.24398043751716614
2079,2985,0.23914489150047302
2157,1446,0.26506924629211426
2157,610,0.2294590026140213
1412,1799,0.23411403596401215
1412,2638,0.23361951112747192
2418,1520,0.24906191229820251
2418,3022,0.23579493165016174
2531,1923,0.2704285979270935
2531,2232,0.22749842703342438
971,2555,0.29078128933906555
971,2226,0.2716534733772278
2534,254,0.2741922438144684
2534,861,0.23014843463897705
2535,411,0.25650709867477417
2535,789,0.22809955477714539
2536,3051,0.3044889271259308
2536,695,0.24280093610286713
2537,1502,0.2717593014240265
2537,1364,0.23760658502578735
2133,1117,0.22596833109855652
2133,3272,0.21715332567691803
2538,2021,0.2940383851528168
2538,2476,0.22150756418704987
2539,3120,0.2426641285419464
2539,2213,0.23730984330177307
1576,3398,0.22725659608840942
1576,1487,0.21395394206047058
2540,2122,0.2338184267282486
2540,1015,0.21712088584899902
1448,1556,0.26465967297554016
1448,62,0.23284322023391724
2213,2992,0.25796186923980713
2213,2539,0.23730982840061188
22,555,0.26609233021736145
22,888,0.23059003055095673
2555,971,0.29078128933906555
2555,397,0.28085407614707947
2556,62,0.2193606048822403
2556,140,0.21296007931232452
1825,2316,0.30660945177078247
1825,166,0.24293610453605652
2557,1650,0.22964783012866974
2557,3359,0.21980319917201996
1699,1816,0.24980725347995758
1699,1837,0.24161851406097412
2560,3399,0.23026959598064423
2560,139,0.22426298260688782
2259,1666,0.2302217036485672
2259,182,0.22063510119915009
612,1061,0.2203071266412735
612,1773,0.2189393788576126
2008,715,0.24828875064849854
2008,2444,0.23402102291584015
2156,1446,0.2166835367679596
2156,982,0.21327553689479828
2562,1641,0.24805080890655518
2562,1260,0.24111542105674744
1903,1413,0.24385887384414673
1903,1933,0.2387406826019287
2564,198,0.24925167858600616
2564,796,0.22434522211551666
2569,2497,0.2815002501010895
2569,2823,0.22879986464977264
2195,961,0.23979614675045013
2195,1849,0.22778356075286865
2571,1736,0.226409450173378
2571,2210,0.22008182108402252
1593,2955,0.22595252096652985
1593,2431,0.209304079413414
2285,1336,0.2199438363313675
2285,1922,0.21741066873073578
1957,523,0.22476588189601898
1957,2148,0.22307123243808746
2574,2767,0.21935811638832092
2574,149,0.20922695100307465
2575,863,0.26248472929000854
2575,2029,0.2445814311504364
2576,1788,0.22253939509391785
2576,1324,0.19869759678840637
2577,1378,0.31243839859962463
2577,624,0.27368852496147156
2578,382,0.24328289926052094
2578,393,0.22931280732154846
1212,748,0.2530108094215393
1212,2748,0.21032850444316864
2581,3303,0.21879036724567413
2581,1639,0.21747758984565735
821,1610,0.2947111129760742
821,2816,0.22876609861850739
1663,1233,0.24571850895881653
1663,2058,0.24087020754814148
2281,2288,0.24002166092395782
2281,1241,0.23263220489025116
2583,2100,0.23302575945854187
2583,2386,0.2312910109758377
2584,728,0.2806154191493988
2584,2302,0.2564074397087097
1935,2178,0.2264241725206375
1935,473,0.21648046374320984
1044,302,0.24532462656497955
1044,1227,0.2094544917345047
1613,1052,0.2471419870853424
1613,2137,0.23085127770900726
2324,2003,0.24591581523418427
2324,13,0.23167024552822113
2032,1422,0.2784727215766907
2032,1893,0.23041673004627228
2369,1727,0.23769314587116241
2369,392,0.22956882417201996
680,1481,0.30014312267303467
680,849,0.2469935566186905
2392,1698,0.23991411924362183
2392,486,0.2209971696138382
1559,857,0.21658934652805328
1559,2911,0.21374280750751495
2357,736,0.2514752447605133
2357,2659,0.22411906719207764
254,2534,0.27419227361679077
254,3167,0.24131275713443756
1023,124,0.22944313287734985
1023,1824,0.22635924816131592
2415,3313,0.2704252600669861
2415,726,0.23326195776462555
2590,2960,0.24626880884170532
2590,3054,0.22661690413951874
2031,1071,0.2949744164943695
2031,1683,0.22164638340473175
2089,2647,0.2549552619457245
2089,2597,0.2318422645330429
1967,340,0.2626291811466217
1967,2803,0.2595254182815552
2162,2660,0.30816084146499634
2162,2893,0.2527065873146057
2601,1037,0.2876569628715515
2601,334,0.2460390031337738
1927,1467,0.22991344332695007
1927,156,0.2204168736934662
432,1548,0.252251535654068
432,2941,0.22683382034301758
1629,3397,0.20935899019241333
1629,1258,0.20284882187843323
2208,2346,0.26229098439216614
2208,2220,0.24107186496257782
2625,2264,0.23976251482963562
2625,3008,0.2362557202577591
491,2295,0.23812244832515717
491,3229,0.23414874076843262
1287,2276,0.2345687597990036
1287,1074,0.22379723191261292
2372,458,0.25736114382743835
2372,1239,0.24978715181350708
2629,182,0.24475686252117157
2629,1455,0.22228726744651794
1061,929,0.26404449343681335
1061,1538,0.23400789499282837
2630,2971,0.22414954006671906
2630,2116,0.22364617884159088
2135,2421,0.23513491451740265
2135,114,0.2304023653268814
2632,430,0.2938009798526764
2632,2906,0.2767227292060852
2633,2409,0.2509672939777374
2633,2961,0.2436027079820633
2634,3310,0.24241046607494354
2634,1601,0.24073204398155212
2635,1210,0.22081248462200165
2635,427,0.22012898325920105
2636,2808,0.2565905451774597
2636,1302,0.23401911556720734
2637,202,0.24476228654384613
2637,1163,0.22855831682682037
2639,586,0.2750917077064514
2639,2631,0.2201339304447174
870,980,0.2828098237514496
870,208,0.243736132979393
446,2248,0.2491588294506073
446,889,0.2383165806531906
2045,1921,0.25256720185279846
2045,2154,0.24261917173862457
784,2120,0.23889899253845215
784,1523,0.22492076456546783
1363,1842,0.26058268547058105
1363,162,0.22914031147956848
1207,2840,0.3012002408504486
1207,2458,0.28921380639076233
2643,273,0.22749899327754974
2643,2348,0.22072385251522064
1966,2255,0.2427627593278885
1966,2302,0.21291428804397583
2646,1024,0.2795025706291199
2646,2713,0.25683706998825073
2647,858,0.2719166576862335
2647,2089,0.2549552917480469
2648,569,0.22386738657951355
2648,1898,0.2153664529323578
2650,694,0.2741055190563202
2650,3398,0.23215168714523315
819,858,0.24023374915122986
819,2837,0.23708012700080872
2311,1121,0.25201648473739624
2311,2861,0.23087435960769653
2419,2947,0.265845388174057
2419,2554,0.23015941679477692
2530,2356,0.21997281908988953
2530,2349,0.21639880537986755
2269,1568,0.24578292667865753
2269,825,0.23646964132785797
1364,1078,0.24426254630088806
1364,2537,0.23760664463043213
2659,1882,0.23961594700813293
2659,3187,0.23369629681110382
909,2693,0.233934223651886
909,935,0.21530736982822418
2666,1423,0.2190013825893402
2666,1079,0.2100788950920105
2291,736,0.25162404775619507
2291,1693,0.24213328957557678
883,1205,0.2256142497062683
883,1276,0.2236022651195526
1215,1170,0.2619818449020386
1215,2673,0.2400723546743393
1639,2769,0.22008799016475677
1639,2581,0.21747757494449615
1339,1369,0.2481691986322403
1339,2653,0.23734337091445923
1343,1231,0.22234086692333221
1343,1799,0.21218164265155792
1470,2841,0.25065967440605164
1470,1964,0.24540896713733673
720,1485,0.2497285157442093
720,2572,0.23442716896533966
1306,2047,0.27454492449760437
1306,44,0.24533428251743317
2476,1485,0.24755217134952545
2476,2193,0.23025649785995483
2675,2703,0.2692268490791321
2675,1390,0.2145247906446457
2445,1673,0.282758504152298
2445,1207,0.22515565156936646
2681,2137,0.25206056237220764
2681,1651,0.24667271971702576
1359,1402,0.22237616777420044
1359,633,0.22041909396648407
2589,2996,0.26130327582359314
2589,1534,0.24853099882602692
2699,1453,0.26239705085754395
2699,260,0.22986021637916565
1628,2206,0.22919626533985138
1628,1154,0.22389280796051025
2720,3147,0.25971660017967224
2720,991,0.20990075170993805
2238,112,0.25732019543647766
2238,1382,0.25361576676368713
2092,1811,0.26012349128723145
2092,1928,0.22681009769439697
1993,1368,0.25906136631965637
1993,81,0.2390204668045044
1661,323,0.2694304883480072
1661,2153,0.2563687562942505
2740,2131,0.23695766925811768
2740,2329,0.23463748395442963
2742,97,0.25033825635910034
2742,3197,0.24915389716625214
1043,3153,0.2700711190700531
1043,3281,0.25775954127311707
1619,39,0.24935004115104675
1619,739,0.22531363368034363
1607,3005,0.22173403203487396
1607,3286,0.21978633105754852
1349,855,0.24716167151927948
1349,1371,0.22833049297332764
893,3293,0.31195732951164246
893,2419,0.218418687582016
2746,939,0.24951253831386566
2746,3339,0.24331870675086975
2747,1398,0.2640272378921509
2747,323,0.2156188189983368
2294,2240,0.31195205450057983
2294,453,0.22368846833705902
2169,2750,0.2514766752719879
2169,798,0.21006739139556885
2748,2449,0.23947839438915253
2748,847,0.2393585741519928
2000,2256,0.2778052091598511
2000,2325,0.2563978135585785
1623,1539,0.24761465191841125
1623,1454,0.24133075773715973
2085,3035,0.26650121808052063
2085,3375,0.24865087866783142
2097,2754,0.24910542368888855
2097,417,0.23720106482505798
1478,1392,0.2326442003250122
1478,2106,0.22719474136829376
2757,150,0.24262455105781555
2757,3108,0.23913758993148804
1700,1516,0.2505922317504883
1700,1425,0.24296465516090393
2252,719,0.24662508070468903
2252,2069,0.23295016586780548
2760,3324,0.22806040942668915
2760,2525,0.2253304421901703
2313,2119,0.28792181611061096
2313,2300,0.26570335030555725
2762,1389,0.29948022961616516
2762,1982,0.21840807795524597
2763,2884,0.21769246459007263
2763,2813,0.21487516164779663
2662,3349,0.24880778789520264
2662,746,0.2151978462934494
2773,2497,0.30044203996658325
2773,992,0.2826387286186218
2302,2584,0.2564074695110321
2302,761,0.253917932510376
2082,1520,0.24578548967838287
2082,3044,0.23635335266590118
2779,2418,0.234797865152359
2779,1936,0.226385235786438
1242,1526,0.2367849498987198
1242,874,0.2261306792497635
2689,2280,0.2878939211368561
2689,1514,0.26440635323524475
2599,2308,0.25404030084609985
2599,1398,0.2302275449037552
1229,610,0.23066125810146332
1229,466,0.2187959849834442
3199,109,0.2703472673892975
3199,1578,0.2516624927520752
3200,322,0.26317229866981506
3200,1395,0.23042979836463928
1923,2531,0.2704285979270935
1923,2116,0.24182656407356262
3201,3212,0.23590213060379028
3201,3314,0.21644778549671173
2152,1484,0.24966873228549957
2152,1908,0.2183314710855484
1897,3236,0.2772628366947174
1897,3174,0.266715943813324
2268,828,0.24698758125305176
2268,2308,0.23611770570278168
2365,2506,0.2474946826696396
2365,892,0.2233695238828659
816,1329,0.2319648712873459
816,658,0.21871133148670197
2543,109,0.24646393954753876
2543,110,0.24340040981769562
2167,198,0.2245333194732666
2167,1808,0.21712225675582886
3330,168,0.2762105166912079
3330,2866,0.242166206240654
3336,3211,0.26651546359062195
3336,3324,0.26057010889053345
3337,1924,0.22627805173397064
3337,2199,0.22462068498134613
3338,1653,0.2595749497413635
3338,533,0.25449806451797485
3339,133,0.2624482214450836
3339,538,0.26218757033348083
579,657,0.29213833808898926
579,2219,0.25029826164245605
926,2115,0.2344629019498825
926,2268,0.23335577547550201
3343,2099,0.2536768615245819
3343,250,0.23599949479103088
1952,1428,0.24428297579288483
1952,2600,0.23722383379936218
2198,1171,0.2540130019187927
2198,2384,0.24984011054039001
1544,185,0.3055843412876129
1544,331,0.24779225885868073
956,2064,0.26766765117645264
956,2120,0.25056618452072144
3344,2640,0.23837068676948547
3344,1084,0.23163175582885742
3345,21,0.24587243795394897
3345,185,0.24518942832946777
3346,2349,0.24181438982486725
3346,1595,0.23751387000083923
3028,878,0.24549086391925812
3028,88,0.23813946545124054
1610,821,0.29471108317375183
1610,2362,0.23740527033805847
1596,198,0.25460484623908997
1596,2710,0.22149474918842316
3347,1773,0.2429250329732895
3347,772,0.22529712319374084
2730,886,0.23738354444503784
2730,1528,0.23082955181598663
3354,2996,0.235075905919075
3354,380,0.23230767250061035
3355,2187,0.23856031894683838
3355,1067,0.2364410012960434
2823,551,0.2603732943534851
2823,2569,0.22879984974861145
1545,908,0.25161364674568176
1545,2920,0.24507096409797668
1429,3067,0.24834127724170685
1429,1012,0.24441255629062653
3357,2805,0.21677546203136444
3357,3155,0.1980661302804947
2386,569,0.26551440358161926
2386,2583,0.2312909960746765
1443,2100,0.25068068504333496
1443,469,0.2328055053949356
2863,3285,0.24726131558418274
2863,428,0.23599329590797424
931,1397,0.24117448925971985
931,1675,0.23902498185634613
3374,88,0.3045034408569336
3374,3290,0.2268495410680771
142,1201,0.22507897019386292
142,2508,0.22090038657188416
2859,304,0.2374652624130249
2859,325,0.2145342081785202
3008,701,0.2905499339103699
3008,1630,0.24123044312000275
2276,827,0.24156597256660461
2276,1287,0.2345687448978424
978,1308,0.25972017645835876
978,1264,0.25639018416404724
2003,1347,0.2787315547466278
2003,2324,0.24591584503650665
1956,1809,0.29995957016944885
1956,1029,0.2733014225959778
2134,173,0.2569026052951813
2134,325,0.2443016767501831
1247,2963,0.2804749310016632
1247,1129,0.23472288250923157
2380,2261,0.2689318358898163
2380,2312,0.24415335059165955
110,1475,0.27921608090400696
110,2543,0.24340040981769562
3379,623,0.2534555196762085
3379,34,0.24954447150230408
3383,1746,0.2533707022666931
3383,1741,0.22893086075782776
2794,1235,0.2516939342021942
2794,2451,0.23183295130729675
2549,2030,0.26020994782447815
2549,2512,0.23106923699378967
420,1024,0.24456167221069336
420,402,0.23146678507328033
